Move 43 done by Red:

 | 0 | 0 | 0 | 0 | 0 | 0 | 0 | 0 |
 ---------------------------------
 | 0 | 0 | 0 | 0 | 0 | 0 | 0 | 0 |
 ---------------------------------
 | 0 | 0 | 0 | 0 | 0 | 0 | 0 | 0 |
 ---------------------------------
 | 0 | 0 | 0 | 1 | 3 | 0 | 0 | 0 |
 ---------------------------------
 | 0 | 0 | 0 | 1 | 2 | 0 | 0 | 0 |
 ---------------------------------
 | 0 | 0 | 0 | 1 | 0 | 0 | 0 | 0 |
 ---------------------------------
 | 0 | 0 | 0 | 0 | 0 | 0 | 0 | 0 |
 ---------------------------------
 | 0 | 0 | 0 | 0 | 0 | 0 | 0 | 0 |
 ---------------------------------

Move 42 done by Yellow:

 | 0 | 0 | 0 | 0 | 0 | 0 | 0 | 0 |
 ---------------------------------
 | 0 | 0 | 0 | 0 | 0 | 0 | 0 | 0 |
 ---------------------------------
 | 0 | 0 | 0 | 0 | 0 | 0 | 0 | 0 |
 ---------------------------------
 | 0 | 0 | 0 | 1 | 3 | 0 | 0 | 0 |
 ---------------------------------
 | 0 | 0 | 0 | 3 | 2 | 0 | 0 | 0 |
 ---------------------------------
 | 0 | 0 | 3 | 1 | 0 | 0 | 0 | 0 |
 ---------------------------------
 | 0 | 0 | 0 | 0 | 0 | 0 | 0 | 0 |
 ---------------------------------
 | 0 | 0 | 0 | 0 | 0 | 0 | 0 | 0 |
 ---------------------------------

Move 20 done by Green:

 | 0 | 0 | 0 | 0 | 0 | 0 | 0 | 0 |
 ---------------------------------
 | 0 | 0 | 0 | 0 | 0 | 0 | 0 | 0 |
 ---------------------------------
 | 0 | 0 | 0 | 0 | 2 | 0 | 0 | 0 |
 ---------------------------------
 | 0 | 0 | 0 | 1 | 2 | 0 | 0 | 0 |
 ---------------------------------
 | 0 | 0 | 0 | 3 | 2 | 0 | 0 | 0 |
 ---------------------------------
 | 0 | 0 | 3 | 1 | 0 | 0 | 0 | 0 |
 ---------------------------------
 | 0 | 0 | 0 | 0 | 0 | 0 | 0 | 0 |
 ---------------------------------
 | 0 | 0 | 0 | 0 | 0 | 0 | 0 | 0 |
 ---------------------------------

Move 41 done by Red:

 | 0 | 0 | 0 | 0 | 0 | 0 | 0 | 0 |
 ---------------------------------
 | 0 | 0 | 0 | 0 | 0 | 0 | 0 | 0 |
 ---------------------------------
 | 0 | 0 | 0 | 0 | 2 | 0 | 0 | 0 |
 ---------------------------------
 | 0 | 0 | 0 | 1 | 2 | 0 | 0 | 0 |
 ---------------------------------
 | 0 | 0 | 0 | 3 | 2 | 0 | 0 | 0 |
 ---------------------------------
 | 0 | 1 | 1 | 1 | 0 | 0 | 0 | 0 |
 ---------------------------------
 | 0 | 0 | 0 | 0 | 0 | 0 | 0 | 0 |
 ---------------------------------
 | 0 | 0 | 0 | 0 | 0 | 0 | 0 | 0 |
 ---------------------------------

Move 21 done by Yellow:

 | 0 | 0 | 0 | 0 | 0 | 0 | 0 | 0 |
 ---------------------------------
 | 0 | 0 | 0 | 0 | 0 | 0 | 0 | 0 |
 ---------------------------------
 | 0 | 0 | 0 | 0 | 2 | 3 | 0 | 0 |
 ---------------------------------
 | 0 | 0 | 0 | 1 | 3 | 0 | 0 | 0 |
 ---------------------------------
 | 0 | 0 | 0 | 3 | 2 | 0 | 0 | 0 |
 ---------------------------------
 | 0 | 1 | 1 | 1 | 0 | 0 | 0 | 0 |
 ---------------------------------
 | 0 | 0 | 0 | 0 | 0 | 0 | 0 | 0 |
 ---------------------------------
 | 0 | 0 | 0 | 0 | 0 | 0 | 0 | 0 |
 ---------------------------------

Move 22 done by Green:

 | 0 | 0 | 0 | 0 | 0 | 0 | 0 | 0 |
 ---------------------------------
 | 0 | 0 | 0 | 0 | 0 | 0 | 0 | 0 |
 ---------------------------------
 | 0 | 0 | 0 | 0 | 2 | 2 | 2 | 0 |
 ---------------------------------
 | 0 | 0 | 0 | 1 | 3 | 0 | 0 | 0 |
 ---------------------------------
 | 0 | 0 | 0 | 3 | 2 | 0 | 0 | 0 |
 ---------------------------------
 | 0 | 1 | 1 | 1 | 0 | 0 | 0 | 0 |
 ---------------------------------
 | 0 | 0 | 0 | 0 | 0 | 0 | 0 | 0 |
 ---------------------------------
 | 0 | 0 | 0 | 0 | 0 | 0 | 0 | 0 |
 ---------------------------------

Move 45 done by Red:

 | 0 | 0 | 0 | 0 | 0 | 0 | 0 | 0 |
 ---------------------------------
 | 0 | 0 | 0 | 0 | 0 | 0 | 0 | 0 |
 ---------------------------------
 | 0 | 0 | 0 | 0 | 2 | 2 | 2 | 0 |
 ---------------------------------
 | 0 | 0 | 0 | 1 | 3 | 0 | 0 | 0 |
 ---------------------------------
 | 0 | 0 | 0 | 3 | 1 | 0 | 0 | 0 |
 ---------------------------------
 | 0 | 1 | 1 | 1 | 0 | 1 | 0 | 0 |
 ---------------------------------
 | 0 | 0 | 0 | 0 | 0 | 0 | 0 | 0 |
 ---------------------------------
 | 0 | 0 | 0 | 0 | 0 | 0 | 0 | 0 |
 ---------------------------------

Move 14 done by Yellow:

 | 0 | 0 | 0 | 0 | 0 | 0 | 0 | 0 |
 ---------------------------------
 | 0 | 0 | 0 | 0 | 0 | 0 | 3 | 0 |
 ---------------------------------
 | 0 | 0 | 0 | 0 | 2 | 3 | 2 | 0 |
 ---------------------------------
 | 0 | 0 | 0 | 1 | 3 | 0 | 0 | 0 |
 ---------------------------------
 | 0 | 0 | 0 | 3 | 1 | 0 | 0 | 0 |
 ---------------------------------
 | 0 | 1 | 1 | 1 | 0 | 1 | 0 | 0 |
 ---------------------------------
 | 0 | 0 | 0 | 0 | 0 | 0 | 0 | 0 |
 ---------------------------------
 | 0 | 0 | 0 | 0 | 0 | 0 | 0 | 0 |
 ---------------------------------

Move 44 done by Green:

 | 0 | 0 | 0 | 0 | 0 | 0 | 0 | 0 |
 ---------------------------------
 | 0 | 0 | 0 | 0 | 0 | 0 | 3 | 0 |
 ---------------------------------
 | 0 | 0 | 0 | 0 | 2 | 3 | 2 | 0 |
 ---------------------------------
 | 0 | 0 | 0 | 1 | 2 | 0 | 0 | 0 |
 ---------------------------------
 | 0 | 0 | 0 | 3 | 2 | 0 | 0 | 0 |
 ---------------------------------
 | 0 | 1 | 1 | 1 | 2 | 1 | 0 | 0 |
 ---------------------------------
 | 0 | 0 | 0 | 0 | 0 | 0 | 0 | 0 |
 ---------------------------------
 | 0 | 0 | 0 | 0 | 0 | 0 | 0 | 0 |
 ---------------------------------

Move 7 done by Red:

 | 0 | 0 | 0 | 0 | 0 | 0 | 0 | 1 |
 ---------------------------------
 | 0 | 0 | 0 | 0 | 0 | 0 | 1 | 0 |
 ---------------------------------
 | 0 | 0 | 0 | 0 | 2 | 1 | 2 | 0 |
 ---------------------------------
 | 0 | 0 | 0 | 1 | 1 | 0 | 0 | 0 |
 ---------------------------------
 | 0 | 0 | 0 | 1 | 2 | 0 | 0 | 0 |
 ---------------------------------
 | 0 | 1 | 1 | 1 | 2 | 1 | 0 | 0 |
 ---------------------------------
 | 0 | 0 | 0 | 0 | 0 | 0 | 0 | 0 |
 ---------------------------------
 | 0 | 0 | 0 | 0 | 0 | 0 | 0 | 0 |
 ---------------------------------

Move 48 done by Yellow:

 | 0 | 0 | 0 | 0 | 0 | 0 | 0 | 1 |
 ---------------------------------
 | 0 | 0 | 0 | 0 | 0 | 0 | 1 | 0 |
 ---------------------------------
 | 0 | 0 | 0 | 0 | 2 | 1 | 2 | 0 |
 ---------------------------------
 | 0 | 0 | 0 | 1 | 1 | 0 | 0 | 0 |
 ---------------------------------
 | 0 | 0 | 0 | 1 | 2 | 0 | 0 | 0 |
 ---------------------------------
 | 0 | 1 | 1 | 1 | 2 | 1 | 0 | 0 |
 ---------------------------------
 | 3 | 0 | 0 | 0 | 0 | 0 | 0 | 0 |
 ---------------------------------
 | 0 | 0 | 0 | 0 | 0 | 0 | 0 | 0 |
 ---------------------------------

Move 40 done by Green:

 | 0 | 0 | 0 | 0 | 0 | 0 | 0 | 1 |
 ---------------------------------
 | 0 | 0 | 0 | 0 | 0 | 0 | 1 | 0 |
 ---------------------------------
 | 0 | 0 | 0 | 0 | 2 | 1 | 2 | 0 |
 ---------------------------------
 | 0 | 0 | 0 | 1 | 1 | 0 | 0 | 0 |
 ---------------------------------
 | 0 | 0 | 0 | 1 | 2 | 0 | 0 | 0 |
 ---------------------------------
 | 2 | 2 | 2 | 2 | 2 | 1 | 0 | 0 |
 ---------------------------------
 | 3 | 0 | 0 | 0 | 0 | 0 | 0 | 0 |
 ---------------------------------
 | 0 | 0 | 0 | 0 | 0 | 0 | 0 | 0 |
 ---------------------------------

Move 23 done by Red:

 | 0 | 0 | 0 | 0 | 0 | 0 | 0 | 1 |
 ---------------------------------
 | 0 | 0 | 0 | 0 | 0 | 0 | 1 | 0 |
 ---------------------------------
 | 0 | 0 | 0 | 0 | 2 | 1 | 1 | 1 |
 ---------------------------------
 | 0 | 0 | 0 | 1 | 1 | 0 | 0 | 0 |
 ---------------------------------
 | 0 | 0 | 0 | 1 | 2 | 0 | 0 | 0 |
 ---------------------------------
 | 2 | 2 | 2 | 2 | 2 | 1 | 0 | 0 |
 ---------------------------------
 | 3 | 0 | 0 | 0 | 0 | 0 | 0 | 0 |
 ---------------------------------
 | 0 | 0 | 0 | 0 | 0 | 0 | 0 | 0 |
 ---------------------------------

Move 34 done by Yellow:

 | 0 | 0 | 0 | 0 | 0 | 0 | 0 | 1 |
 ---------------------------------
 | 0 | 0 | 0 | 0 | 0 | 0 | 1 | 0 |
 ---------------------------------
 | 0 | 0 | 0 | 0 | 2 | 1 | 1 | 1 |
 ---------------------------------
 | 0 | 0 | 0 | 1 | 1 | 0 | 0 | 0 |
 ---------------------------------
 | 0 | 0 | 3 | 1 | 2 | 0 | 0 | 0 |
 ---------------------------------
 | 2 | 3 | 2 | 2 | 2 | 1 | 0 | 0 |
 ---------------------------------
 | 3 | 0 | 0 | 0 | 0 | 0 | 0 | 0 |
 ---------------------------------
 | 0 | 0 | 0 | 0 | 0 | 0 | 0 | 0 |
 ---------------------------------

Move 56 done by Green:

 | 0 | 0 | 0 | 0 | 0 | 0 | 0 | 1 |
 ---------------------------------
 | 0 | 0 | 0 | 0 | 0 | 0 | 1 | 0 |
 ---------------------------------
 | 0 | 0 | 0 | 0 | 2 | 1 | 1 | 1 |
 ---------------------------------
 | 0 | 0 | 0 | 1 | 1 | 0 | 0 | 0 |
 ---------------------------------
 | 0 | 0 | 3 | 1 | 2 | 0 | 0 | 0 |
 ---------------------------------
 | 2 | 3 | 2 | 2 | 2 | 1 | 0 | 0 |
 ---------------------------------
 | 2 | 0 | 0 | 0 | 0 | 0 | 0 | 0 |
 ---------------------------------
 | 2 | 0 | 0 | 0 | 0 | 0 | 0 | 0 |
 ---------------------------------

Move 13 done by Red:

 | 0 | 0 | 0 | 0 | 0 | 0 | 0 | 1 |
 ---------------------------------
 | 0 | 0 | 0 | 0 | 0 | 1 | 1 | 0 |
 ---------------------------------
 | 0 | 0 | 0 | 0 | 1 | 1 | 1 | 1 |
 ---------------------------------
 | 0 | 0 | 0 | 1 | 1 | 0 | 0 | 0 |
 ---------------------------------
 | 0 | 0 | 3 | 1 | 2 | 0 | 0 | 0 |
 ---------------------------------
 | 2 | 3 | 2 | 2 | 2 | 1 | 0 | 0 |
 ---------------------------------
 | 2 | 0 | 0 | 0 | 0 | 0 | 0 | 0 |
 ---------------------------------
 | 2 | 0 | 0 | 0 | 0 | 0 | 0 | 0 |
 ---------------------------------

Move 50 done by Yellow:

 | 0 | 0 | 0 | 0 | 0 | 0 | 0 | 1 |
 ---------------------------------
 | 0 | 0 | 0 | 0 | 0 | 1 | 1 | 0 |
 ---------------------------------
 | 0 | 0 | 0 | 0 | 1 | 1 | 1 | 1 |
 ---------------------------------
 | 0 | 0 | 0 | 1 | 1 | 0 | 0 | 0 |
 ---------------------------------
 | 0 | 0 | 3 | 1 | 2 | 0 | 0 | 0 |
 ---------------------------------
 | 2 | 3 | 3 | 2 | 2 | 1 | 0 | 0 |
 ---------------------------------
 | 2 | 0 | 3 | 0 | 0 | 0 | 0 | 0 |
 ---------------------------------
 | 2 | 0 | 0 | 0 | 0 | 0 | 0 | 0 |
 ---------------------------------

Move 57 done by Green:

 | 0 | 0 | 0 | 0 | 0 | 0 | 0 | 1 |
 ---------------------------------
 | 0 | 0 | 0 | 0 | 0 | 1 | 1 | 0 |
 ---------------------------------
 | 0 | 0 | 0 | 0 | 1 | 1 | 1 | 1 |
 ---------------------------------
 | 0 | 0 | 0 | 1 | 1 | 0 | 0 | 0 |
 ---------------------------------
 | 0 | 0 | 3 | 1 | 2 | 0 | 0 | 0 |
 ---------------------------------
 | 2 | 3 | 3 | 2 | 2 | 1 | 0 | 0 |
 ---------------------------------
 | 2 | 0 | 2 | 0 | 0 | 0 | 0 | 0 |
 ---------------------------------
 | 2 | 2 | 0 | 0 | 0 | 0 | 0 | 0 |
 ---------------------------------

Move 37 done by Red:

 | 0 | 0 | 0 | 0 | 0 | 0 | 0 | 1 |
 ---------------------------------
 | 0 | 0 | 0 | 0 | 0 | 1 | 1 | 0 |
 ---------------------------------
 | 0 | 0 | 0 | 0 | 1 | 1 | 1 | 1 |
 ---------------------------------
 | 0 | 0 | 0 | 1 | 1 | 0 | 0 | 0 |
 ---------------------------------
 | 0 | 0 | 3 | 1 | 1 | 1 | 0 | 0 |
 ---------------------------------
 | 2 | 3 | 3 | 2 | 2 | 1 | 0 | 0 |
 ---------------------------------
 | 2 | 0 | 2 | 0 | 0 | 0 | 0 | 0 |
 ---------------------------------
 | 2 | 2 | 0 | 0 | 0 | 0 | 0 | 0 |
 ---------------------------------

Move 59 done by Yellow:

 | 0 | 0 | 0 | 0 | 0 | 0 | 0 | 1 |
 ---------------------------------
 | 0 | 0 | 0 | 0 | 0 | 1 | 1 | 0 |
 ---------------------------------
 | 0 | 0 | 0 | 0 | 1 | 1 | 1 | 1 |
 ---------------------------------
 | 0 | 0 | 0 | 1 | 1 | 0 | 0 | 0 |
 ---------------------------------
 | 0 | 0 | 3 | 1 | 1 | 1 | 0 | 0 |
 ---------------------------------
 | 2 | 3 | 3 | 2 | 2 | 1 | 0 | 0 |
 ---------------------------------
 | 2 | 0 | 3 | 0 | 0 | 0 | 0 | 0 |
 ---------------------------------
 | 2 | 2 | 0 | 3 | 0 | 0 | 0 | 0 |
 ---------------------------------

Move 25 done by Green:

 | 0 | 0 | 0 | 0 | 0 | 0 | 0 | 1 |
 ---------------------------------
 | 0 | 0 | 0 | 0 | 0 | 1 | 1 | 0 |
 ---------------------------------
 | 0 | 0 | 0 | 0 | 1 | 1 | 1 | 1 |
 ---------------------------------
 | 0 | 2 | 0 | 1 | 1 | 0 | 0 | 0 |
 ---------------------------------
 | 0 | 0 | 2 | 1 | 1 | 1 | 0 | 0 |
 ---------------------------------
 | 2 | 3 | 3 | 2 | 2 | 1 | 0 | 0 |
 ---------------------------------
 | 2 | 0 | 3 | 0 | 0 | 0 | 0 | 0 |
 ---------------------------------
 | 2 | 2 | 0 | 3 | 0 | 0 | 0 | 0 |
 ---------------------------------

Move 49 done by Red:

 | 0 | 0 | 0 | 0 | 0 | 0 | 0 | 1 |
 ---------------------------------
 | 0 | 0 | 0 | 0 | 0 | 1 | 1 | 0 |
 ---------------------------------
 | 0 | 0 | 0 | 0 | 1 | 1 | 1 | 1 |
 ---------------------------------
 | 0 | 2 | 0 | 1 | 1 | 0 | 0 | 0 |
 ---------------------------------
 | 0 | 0 | 2 | 1 | 1 | 1 | 0 | 0 |
 ---------------------------------
 | 2 | 3 | 1 | 2 | 2 | 1 | 0 | 0 |
 ---------------------------------
 | 2 | 1 | 3 | 0 | 0 | 0 | 0 | 0 |
 ---------------------------------
 | 2 | 2 | 0 | 3 | 0 | 0 | 0 | 0 |
 ---------------------------------

Move 29 done by Yellow:

 | 0 | 0 | 0 | 0 | 0 | 0 | 0 | 1 |
 ---------------------------------
 | 0 | 0 | 0 | 0 | 0 | 1 | 1 | 0 |
 ---------------------------------
 | 0 | 0 | 0 | 0 | 1 | 1 | 1 | 1 |
 ---------------------------------
 | 0 | 2 | 0 | 1 | 1 | 3 | 0 | 0 |
 ---------------------------------
 | 0 | 0 | 2 | 1 | 3 | 1 | 0 | 0 |
 ---------------------------------
 | 2 | 3 | 1 | 3 | 2 | 1 | 0 | 0 |
 ---------------------------------
 | 2 | 1 | 3 | 0 | 0 | 0 | 0 | 0 |
 ---------------------------------
 | 2 | 2 | 0 | 3 | 0 | 0 | 0 | 0 |
 ---------------------------------

Move 58 done by Green:

 | 0 | 0 | 0 | 0 | 0 | 0 | 0 | 1 |
 ---------------------------------
 | 0 | 0 | 0 | 0 | 0 | 1 | 1 | 0 |
 ---------------------------------
 | 0 | 0 | 0 | 0 | 1 | 1 | 1 | 1 |
 ---------------------------------
 | 0 | 2 | 0 | 1 | 1 | 3 | 0 | 0 |
 ---------------------------------
 | 0 | 0 | 2 | 1 | 3 | 1 | 0 | 0 |
 ---------------------------------
 | 2 | 3 | 2 | 3 | 2 | 1 | 0 | 0 |
 ---------------------------------
 | 2 | 2 | 2 | 0 | 0 | 0 | 0 | 0 |
 ---------------------------------
 | 2 | 2 | 2 | 3 | 0 | 0 | 0 | 0 |
 ---------------------------------

Move 33 done by Red:

 | 0 | 0 | 0 | 0 | 0 | 0 | 0 | 1 |
 ---------------------------------
 | 0 | 0 | 0 | 0 | 0 | 1 | 1 | 0 |
 ---------------------------------
 | 0 | 0 | 0 | 0 | 1 | 1 | 1 | 1 |
 ---------------------------------
 | 0 | 2 | 0 | 1 | 1 | 3 | 0 | 0 |
 ---------------------------------
 | 0 | 1 | 1 | 1 | 3 | 1 | 0 | 0 |
 ---------------------------------
 | 2 | 3 | 2 | 3 | 2 | 1 | 0 | 0 |
 ---------------------------------
 | 2 | 2 | 2 | 0 | 0 | 0 | 0 | 0 |
 ---------------------------------
 | 2 | 2 | 2 | 3 | 0 | 0 | 0 | 0 |
 ---------------------------------

Move 32 done by Yellow:

 | 0 | 0 | 0 | 0 | 0 | 0 | 0 | 1 |
 ---------------------------------
 | 0 | 0 | 0 | 0 | 0 | 1 | 1 | 0 |
 ---------------------------------
 | 0 | 0 | 0 | 0 | 1 | 1 | 1 | 1 |
 ---------------------------------
 | 0 | 2 | 0 | 1 | 1 | 3 | 0 | 0 |
 ---------------------------------
 | 3 | 3 | 3 | 3 | 3 | 1 | 0 | 0 |
 ---------------------------------
 | 2 | 3 | 2 | 3 | 2 | 1 | 0 | 0 |
 ---------------------------------
 | 2 | 2 | 2 | 0 | 0 | 0 | 0 | 0 |
 ---------------------------------
 | 2 | 2 | 2 | 3 | 0 | 0 | 0 | 0 |
 ---------------------------------

Move 60 done by Green:

 | 0 | 0 | 0 | 0 | 0 | 0 | 0 | 1 |
 ---------------------------------
 | 0 | 0 | 0 | 0 | 0 | 1 | 1 | 0 |
 ---------------------------------
 | 0 | 0 | 0 | 0 | 1 | 1 | 1 | 1 |
 ---------------------------------
 | 0 | 2 | 0 | 1 | 1 | 3 | 0 | 0 |
 ---------------------------------
 | 3 | 3 | 3 | 3 | 3 | 1 | 0 | 0 |
 ---------------------------------
 | 2 | 3 | 2 | 3 | 2 | 1 | 0 | 0 |
 ---------------------------------
 | 2 | 2 | 2 | 0 | 0 | 0 | 0 | 0 |
 ---------------------------------
 | 2 | 2 | 2 | 2 | 2 | 0 | 0 | 0 |
 ---------------------------------

Move 38 done by Red:

 | 0 | 0 | 0 | 0 | 0 | 0 | 0 | 1 |
 ---------------------------------
 | 0 | 0 | 0 | 0 | 0 | 1 | 1 | 0 |
 ---------------------------------
 | 0 | 0 | 0 | 0 | 1 | 1 | 1 | 1 |
 ---------------------------------
 | 0 | 2 | 0 | 1 | 1 | 1 | 0 | 0 |
 ---------------------------------
 | 3 | 3 | 3 | 3 | 3 | 1 | 1 | 0 |
 ---------------------------------
 | 2 | 3 | 2 | 3 | 2 | 1 | 0 | 0 |
 ---------------------------------
 | 2 | 2 | 2 | 0 | 0 | 0 | 0 | 0 |
 ---------------------------------
 | 2 | 2 | 2 | 2 | 2 | 0 | 0 | 0 |
 ---------------------------------

Move 39 done by Yellow:

 | 0 | 0 | 0 | 0 | 0 | 0 | 0 | 1 |
 ---------------------------------
 | 0 | 0 | 0 | 0 | 0 | 1 | 1 | 0 |
 ---------------------------------
 | 0 | 0 | 0 | 0 | 1 | 1 | 1 | 1 |
 ---------------------------------
 | 0 | 2 | 0 | 1 | 1 | 1 | 0 | 0 |
 ---------------------------------
 | 3 | 3 | 3 | 3 | 3 | 3 | 3 | 3 |
 ---------------------------------
 | 2 | 3 | 2 | 3 | 2 | 1 | 0 | 0 |
 ---------------------------------
 | 2 | 2 | 2 | 0 | 0 | 0 | 0 | 0 |
 ---------------------------------
 | 2 | 2 | 2 | 2 | 2 | 0 | 0 | 0 |
 ---------------------------------

Move 24 done by Green:

 | 0 | 0 | 0 | 0 | 0 | 0 | 0 | 1 |
 ---------------------------------
 | 0 | 0 | 0 | 0 | 0 | 1 | 1 | 0 |
 ---------------------------------
 | 0 | 0 | 0 | 0 | 1 | 1 | 1 | 1 |
 ---------------------------------
 | 2 | 2 | 0 | 1 | 1 | 1 | 0 | 0 |
 ---------------------------------
 | 2 | 2 | 3 | 3 | 3 | 3 | 3 | 3 |
 ---------------------------------
 | 2 | 3 | 2 | 3 | 2 | 1 | 0 | 0 |
 ---------------------------------
 | 2 | 2 | 2 | 0 | 0 | 0 | 0 | 0 |
 ---------------------------------
 | 2 | 2 | 2 | 2 | 2 | 0 | 0 | 0 |
 ---------------------------------

Move 47 done by Red:

 | 0 | 0 | 0 | 0 | 0 | 0 | 0 | 1 |
 ---------------------------------
 | 0 | 0 | 0 | 0 | 0 | 1 | 1 | 0 |
 ---------------------------------
 | 0 | 0 | 0 | 0 | 1 | 1 | 1 | 1 |
 ---------------------------------
 | 2 | 2 | 0 | 1 | 1 | 1 | 0 | 0 |
 ---------------------------------
 | 2 | 2 | 3 | 3 | 3 | 3 | 1 | 3 |
 ---------------------------------
 | 2 | 3 | 2 | 3 | 2 | 1 | 0 | 1 |
 ---------------------------------
 | 2 | 2 | 2 | 0 | 0 | 0 | 0 | 0 |
 ---------------------------------
 | 2 | 2 | 2 | 2 | 2 | 0 | 0 | 0 |
 ---------------------------------

Move 55 done by Yellow:

 | 0 | 0 | 0 | 0 | 0 | 0 | 0 | 1 |
 ---------------------------------
 | 0 | 0 | 0 | 0 | 0 | 1 | 1 | 0 |
 ---------------------------------
 | 0 | 0 | 0 | 0 | 1 | 1 | 1 | 1 |
 ---------------------------------
 | 2 | 2 | 0 | 1 | 1 | 1 | 0 | 0 |
 ---------------------------------
 | 2 | 2 | 3 | 3 | 3 | 3 | 1 | 3 |
 ---------------------------------
 | 2 | 3 | 2 | 3 | 2 | 1 | 0 | 3 |
 ---------------------------------
 | 2 | 2 | 2 | 0 | 0 | 0 | 0 | 3 |
 ---------------------------------
 | 2 | 2 | 2 | 2 | 2 | 0 | 0 | 0 |
 ---------------------------------

Move 15 done by Green:

 | 0 | 0 | 0 | 0 | 0 | 0 | 0 | 1 |
 ---------------------------------
 | 0 | 0 | 0 | 0 | 0 | 1 | 1 | 2 |
 ---------------------------------
 | 0 | 0 | 0 | 0 | 1 | 1 | 2 | 1 |
 ---------------------------------
 | 2 | 2 | 0 | 1 | 1 | 2 | 0 | 0 |
 ---------------------------------
 | 2 | 2 | 3 | 3 | 2 | 3 | 1 | 3 |
 ---------------------------------
 | 2 | 3 | 2 | 2 | 2 | 1 | 0 | 3 |
 ---------------------------------
 | 2 | 2 | 2 | 0 | 0 | 0 | 0 | 3 |
 ---------------------------------
 | 2 | 2 | 2 | 2 | 2 | 0 | 0 | 0 |
 ---------------------------------

Move 31 done by Red:

 | 0 | 0 | 0 | 0 | 0 | 0 | 0 | 1 |
 ---------------------------------
 | 0 | 0 | 0 | 0 | 0 | 1 | 1 | 2 |
 ---------------------------------
 | 0 | 0 | 0 | 0 | 1 | 1 | 1 | 1 |
 ---------------------------------
 | 2 | 2 | 0 | 1 | 1 | 2 | 0 | 1 |
 ---------------------------------
 | 2 | 2 | 3 | 3 | 2 | 3 | 1 | 3 |
 ---------------------------------
 | 2 | 3 | 2 | 2 | 2 | 1 | 0 | 3 |
 ---------------------------------
 | 2 | 2 | 2 | 0 | 0 | 0 | 0 | 3 |
 ---------------------------------
 | 2 | 2 | 2 | 2 | 2 | 0 | 0 | 0 |
 ---------------------------------

Move 16 done by Yellow:

 | 0 | 0 | 0 | 0 | 0 | 0 | 0 | 1 |
 ---------------------------------
 | 0 | 0 | 0 | 0 | 0 | 1 | 1 | 2 |
 ---------------------------------
 | 3 | 0 | 0 | 0 | 1 | 1 | 1 | 1 |
 ---------------------------------
 | 2 | 3 | 0 | 1 | 1 | 2 | 0 | 1 |
 ---------------------------------
 | 2 | 2 | 3 | 3 | 2 | 3 | 1 | 3 |
 ---------------------------------
 | 2 | 3 | 2 | 2 | 2 | 1 | 0 | 3 |
 ---------------------------------
 | 2 | 2 | 2 | 0 | 0 | 0 | 0 | 3 |
 ---------------------------------
 | 2 | 2 | 2 | 2 | 2 | 0 | 0 | 0 |
 ---------------------------------

Move 63 done by Green:

 | 0 | 0 | 0 | 0 | 0 | 0 | 0 | 1 |
 ---------------------------------
 | 0 | 0 | 0 | 0 | 0 | 1 | 1 | 2 |
 ---------------------------------
 | 3 | 0 | 0 | 0 | 1 | 1 | 1 | 2 |
 ---------------------------------
 | 2 | 3 | 0 | 1 | 1 | 2 | 0 | 2 |
 ---------------------------------
 | 2 | 2 | 3 | 3 | 2 | 3 | 1 | 2 |
 ---------------------------------
 | 2 | 3 | 2 | 2 | 2 | 1 | 0 | 2 |
 ---------------------------------
 | 2 | 2 | 2 | 0 | 0 | 0 | 0 | 2 |
 ---------------------------------
 | 2 | 2 | 2 | 2 | 2 | 0 | 0 | 2 |
 ---------------------------------

Move 46 done by Red:

 | 0 | 0 | 0 | 0 | 0 | 0 | 0 | 1 |
 ---------------------------------
 | 0 | 0 | 0 | 0 | 0 | 1 | 1 | 2 |
 ---------------------------------
 | 3 | 0 | 0 | 0 | 1 | 1 | 1 | 2 |
 ---------------------------------
 | 2 | 3 | 0 | 1 | 1 | 2 | 0 | 2 |
 ---------------------------------
 | 2 | 2 | 3 | 3 | 2 | 1 | 1 | 2 |
 ---------------------------------
 | 2 | 3 | 2 | 2 | 2 | 1 | 1 | 2 |
 ---------------------------------
 | 2 | 2 | 2 | 0 | 0 | 0 | 0 | 2 |
 ---------------------------------
 | 2 | 2 | 2 | 2 | 2 | 0 | 0 | 2 |
 ---------------------------------

Move 51 done by Yellow:

 | 0 | 0 | 0 | 0 | 0 | 0 | 0 | 1 |
 ---------------------------------
 | 0 | 0 | 0 | 0 | 0 | 1 | 1 | 2 |
 ---------------------------------
 | 3 | 0 | 0 | 0 | 1 | 1 | 1 | 2 |
 ---------------------------------
 | 2 | 3 | 0 | 1 | 1 | 2 | 0 | 2 |
 ---------------------------------
 | 2 | 2 | 3 | 3 | 2 | 1 | 1 | 2 |
 ---------------------------------
 | 2 | 3 | 2 | 3 | 2 | 1 | 1 | 2 |
 ---------------------------------
 | 2 | 2 | 2 | 3 | 0 | 0 | 0 | 2 |
 ---------------------------------
 | 2 | 2 | 2 | 2 | 2 | 0 | 0 | 2 |
 ---------------------------------

Move 8 done by Green:

 | 0 | 0 | 0 | 0 | 0 | 0 | 0 | 1 |
 ---------------------------------
 | 2 | 0 | 0 | 0 | 0 | 1 | 1 | 2 |
 ---------------------------------
 | 2 | 0 | 0 | 0 | 1 | 1 | 1 | 2 |
 ---------------------------------
 | 2 | 3 | 0 | 1 | 1 | 2 | 0 | 2 |
 ---------------------------------
 | 2 | 2 | 3 | 3 | 2 | 1 | 1 | 2 |
 ---------------------------------
 | 2 | 3 | 2 | 3 | 2 | 1 | 1 | 2 |
 ---------------------------------
 | 2 | 2 | 2 | 3 | 0 | 0 | 0 | 2 |
 ---------------------------------
 | 2 | 2 | 2 | 2 | 2 | 0 | 0 | 2 |
 ---------------------------------

Move 52 done by Red:

 | 0 | 0 | 0 | 0 | 0 | 0 | 0 | 1 |
 ---------------------------------
 | 2 | 0 | 0 | 0 | 0 | 1 | 1 | 2 |
 ---------------------------------
 | 2 | 0 | 0 | 0 | 1 | 1 | 1 | 2 |
 ---------------------------------
 | 2 | 3 | 0 | 1 | 1 | 2 | 0 | 2 |
 ---------------------------------
 | 2 | 2 | 3 | 3 | 1 | 1 | 1 | 2 |
 ---------------------------------
 | 2 | 3 | 2 | 3 | 1 | 1 | 1 | 2 |
 ---------------------------------
 | 2 | 2 | 2 | 3 | 1 | 0 | 0 | 2 |
 ---------------------------------
 | 2 | 2 | 2 | 2 | 2 | 0 | 0 | 2 |
 ---------------------------------

Move 61 done by Yellow:

 | 0 | 0 | 0 | 0 | 0 | 0 | 0 | 1 |
 ---------------------------------
 | 2 | 0 | 0 | 0 | 0 | 1 | 1 | 2 |
 ---------------------------------
 | 2 | 0 | 0 | 0 | 1 | 1 | 1 | 2 |
 ---------------------------------
 | 2 | 3 | 0 | 1 | 1 | 2 | 0 | 2 |
 ---------------------------------
 | 2 | 2 | 3 | 3 | 1 | 1 | 1 | 2 |
 ---------------------------------
 | 2 | 3 | 2 | 3 | 1 | 1 | 1 | 2 |
 ---------------------------------
 | 2 | 2 | 2 | 3 | 3 | 0 | 0 | 2 |
 ---------------------------------
 | 2 | 2 | 2 | 2 | 2 | 3 | 0 | 2 |
 ---------------------------------

Move 62 done by Green:

 | 0 | 0 | 0 | 0 | 0 | 0 | 0 | 1 |
 ---------------------------------
 | 2 | 0 | 0 | 0 | 0 | 1 | 1 | 2 |
 ---------------------------------
 | 2 | 0 | 0 | 0 | 1 | 1 | 1 | 2 |
 ---------------------------------
 | 2 | 3 | 0 | 1 | 1 | 2 | 0 | 2 |
 ---------------------------------
 | 2 | 2 | 3 | 3 | 1 | 1 | 1 | 2 |
 ---------------------------------
 | 2 | 3 | 2 | 3 | 1 | 1 | 1 | 2 |
 ---------------------------------
 | 2 | 2 | 2 | 3 | 3 | 0 | 0 | 2 |
 ---------------------------------
 | 2 | 2 | 2 | 2 | 2 | 2 | 2 | 2 |
 ---------------------------------

Move 30 done by Red:

 | 0 | 0 | 0 | 0 | 0 | 0 | 0 | 1 |
 ---------------------------------
 | 2 | 0 | 0 | 0 | 0 | 1 | 1 | 2 |
 ---------------------------------
 | 2 | 0 | 0 | 0 | 1 | 1 | 1 | 2 |
 ---------------------------------
 | 2 | 3 | 0 | 1 | 1 | 1 | 1 | 2 |
 ---------------------------------
 | 2 | 2 | 3 | 3 | 1 | 1 | 1 | 2 |
 ---------------------------------
 | 2 | 3 | 2 | 3 | 1 | 1 | 1 | 2 |
 ---------------------------------
 | 2 | 2 | 2 | 3 | 3 | 0 | 0 | 2 |
 ---------------------------------
 | 2 | 2 | 2 | 2 | 2 | 2 | 2 | 2 |
 ---------------------------------

Move 19 done by Yellow:

 | 0 | 0 | 0 | 0 | 0 | 0 | 0 | 1 |
 ---------------------------------
 | 2 | 0 | 0 | 0 | 0 | 1 | 1 | 2 |
 ---------------------------------
 | 2 | 0 | 0 | 3 | 1 | 1 | 1 | 2 |
 ---------------------------------
 | 2 | 3 | 0 | 3 | 1 | 1 | 1 | 2 |
 ---------------------------------
 | 2 | 2 | 3 | 3 | 1 | 1 | 1 | 2 |
 ---------------------------------
 | 2 | 3 | 2 | 3 | 1 | 1 | 1 | 2 |
 ---------------------------------
 | 2 | 2 | 2 | 3 | 3 | 0 | 0 | 2 |
 ---------------------------------
 | 2 | 2 | 2 | 2 | 2 | 2 | 2 | 2 |
 ---------------------------------

Move 6 done by Green:

 | 0 | 0 | 0 | 0 | 0 | 0 | 2 | 1 |
 ---------------------------------
 | 2 | 0 | 0 | 0 | 0 | 2 | 1 | 2 |
 ---------------------------------
 | 2 | 0 | 0 | 3 | 2 | 1 | 1 | 2 |
 ---------------------------------
 | 2 | 3 | 0 | 2 | 1 | 1 | 1 | 2 |
 ---------------------------------
 | 2 | 2 | 2 | 3 | 1 | 1 | 1 | 2 |
 ---------------------------------
 | 2 | 2 | 2 | 3 | 1 | 1 | 1 | 2 |
 ---------------------------------
 | 2 | 2 | 2 | 3 | 3 | 0 | 0 | 2 |
 ---------------------------------
 | 2 | 2 | 2 | 2 | 2 | 2 | 2 | 2 |
 ---------------------------------

Move 5 done by Red:

 | 0 | 0 | 0 | 0 | 0 | 1 | 1 | 1 |
 ---------------------------------
 | 2 | 0 | 0 | 0 | 0 | 1 | 1 | 2 |
 ---------------------------------
 | 2 | 0 | 0 | 3 | 2 | 1 | 1 | 2 |
 ---------------------------------
 | 2 | 3 | 0 | 2 | 1 | 1 | 1 | 2 |
 ---------------------------------
 | 2 | 2 | 2 | 3 | 1 | 1 | 1 | 2 |
 ---------------------------------
 | 2 | 2 | 2 | 3 | 1 | 1 | 1 | 2 |
 ---------------------------------
 | 2 | 2 | 2 | 3 | 3 | 0 | 0 | 2 |
 ---------------------------------
 | 2 | 2 | 2 | 2 | 2 | 2 | 2 | 2 |
 ---------------------------------

Move 53 done by Yellow:

 | 0 | 0 | 0 | 0 | 0 | 1 | 1 | 1 |
 ---------------------------------
 | 2 | 0 | 0 | 0 | 0 | 1 | 1 | 2 |
 ---------------------------------
 | 2 | 0 | 0 | 3 | 2 | 1 | 1 | 2 |
 ---------------------------------
 | 2 | 3 | 0 | 2 | 1 | 1 | 1 | 2 |
 ---------------------------------
 | 2 | 2 | 2 | 3 | 1 | 1 | 1 | 2 |
 ---------------------------------
 | 2 | 2 | 2 | 3 | 3 | 1 | 1 | 2 |
 ---------------------------------
 | 2 | 2 | 2 | 3 | 3 | 3 | 0 | 2 |
 ---------------------------------
 | 2 | 2 | 2 | 2 | 2 | 2 | 2 | 2 |
 ---------------------------------

Move 11 done by Green:

 | 0 | 0 | 0 | 0 | 0 | 1 | 1 | 1 |
 ---------------------------------
 | 2 | 0 | 0 | 2 | 0 | 1 | 1 | 2 |
 ---------------------------------
 | 2 | 0 | 0 | 2 | 2 | 1 | 1 | 2 |
 ---------------------------------
 | 2 | 3 | 0 | 2 | 1 | 1 | 1 | 2 |
 ---------------------------------
 | 2 | 2 | 2 | 3 | 1 | 1 | 1 | 2 |
 ---------------------------------
 | 2 | 2 | 2 | 3 | 3 | 1 | 1 | 2 |
 ---------------------------------
 | 2 | 2 | 2 | 3 | 3 | 3 | 0 | 2 |
 ---------------------------------
 | 2 | 2 | 2 | 2 | 2 | 2 | 2 | 2 |
 ---------------------------------

Move 10 done by Red:

 | 0 | 0 | 0 | 0 | 0 | 1 | 1 | 1 |
 ---------------------------------
 | 2 | 0 | 1 | 2 | 0 | 1 | 1 | 2 |
 ---------------------------------
 | 2 | 0 | 0 | 1 | 2 | 1 | 1 | 2 |
 ---------------------------------
 | 2 | 3 | 0 | 2 | 1 | 1 | 1 | 2 |
 ---------------------------------
 | 2 | 2 | 2 | 3 | 1 | 1 | 1 | 2 |
 ---------------------------------
 | 2 | 2 | 2 | 3 | 3 | 1 | 1 | 2 |
 ---------------------------------
 | 2 | 2 | 2 | 3 | 3 | 3 | 0 | 2 |
 ---------------------------------
 | 2 | 2 | 2 | 2 | 2 | 2 | 2 | 2 |
 ---------------------------------

Move 12 done by Yellow:

 | 0 | 0 | 0 | 0 | 0 | 1 | 1 | 1 |
 ---------------------------------
 | 2 | 0 | 1 | 2 | 3 | 1 | 1 | 2 |
 ---------------------------------
 | 2 | 0 | 0 | 1 | 3 | 1 | 1 | 2 |
 ---------------------------------
 | 2 | 3 | 0 | 2 | 3 | 1 | 1 | 2 |
 ---------------------------------
 | 2 | 2 | 2 | 3 | 3 | 1 | 1 | 2 |
 ---------------------------------
 | 2 | 2 | 2 | 3 | 3 | 1 | 1 | 2 |
 ---------------------------------
 | 2 | 2 | 2 | 3 | 3 | 3 | 0 | 2 |
 ---------------------------------
 | 2 | 2 | 2 | 2 | 2 | 2 | 2 | 2 |
 ---------------------------------

Move 4 done by Green:

 | 0 | 0 | 0 | 0 | 2 | 1 | 1 | 1 |
 ---------------------------------
 | 2 | 0 | 1 | 2 | 2 | 2 | 1 | 2 |
 ---------------------------------
 | 2 | 0 | 0 | 1 | 2 | 1 | 2 | 2 |
 ---------------------------------
 | 2 | 3 | 0 | 2 | 2 | 1 | 1 | 2 |
 ---------------------------------
 | 2 | 2 | 2 | 3 | 2 | 1 | 1 | 2 |
 ---------------------------------
 | 2 | 2 | 2 | 3 | 2 | 1 | 1 | 2 |
 ---------------------------------
 | 2 | 2 | 2 | 3 | 2 | 3 | 0 | 2 |
 ---------------------------------
 | 2 | 2 | 2 | 2 | 2 | 2 | 2 | 2 |
 ---------------------------------

Move 3 done by Red:

 | 0 | 0 | 0 | 1 | 1 | 1 | 1 | 1 |
 ---------------------------------
 | 2 | 0 | 1 | 1 | 1 | 2 | 1 | 2 |
 ---------------------------------
 | 2 | 0 | 0 | 1 | 2 | 1 | 2 | 2 |
 ---------------------------------
 | 2 | 3 | 0 | 2 | 2 | 1 | 1 | 2 |
 ---------------------------------
 | 2 | 2 | 2 | 3 | 2 | 1 | 1 | 2 |
 ---------------------------------
 | 2 | 2 | 2 | 3 | 2 | 1 | 1 | 2 |
 ---------------------------------
 | 2 | 2 | 2 | 3 | 2 | 3 | 0 | 2 |
 ---------------------------------
 | 2 | 2 | 2 | 2 | 2 | 2 | 2 | 2 |
 ---------------------------------

Move 0 done by Yellow:

 | 3 | 0 | 0 | 1 | 1 | 1 | 1 | 1 |
 ---------------------------------
 | 2 | 0 | 1 | 1 | 1 | 2 | 1 | 2 |
 ---------------------------------
 | 2 | 0 | 0 | 1 | 2 | 1 | 2 | 2 |
 ---------------------------------
 | 2 | 3 | 0 | 2 | 2 | 1 | 1 | 2 |
 ---------------------------------
 | 2 | 2 | 2 | 3 | 2 | 1 | 1 | 2 |
 ---------------------------------
 | 2 | 2 | 2 | 3 | 2 | 1 | 1 | 2 |
 ---------------------------------
 | 2 | 2 | 2 | 3 | 2 | 3 | 0 | 2 |
 ---------------------------------
 | 2 | 2 | 2 | 2 | 2 | 2 | 2 | 2 |
 ---------------------------------

Move 17 done by Green:

 | 3 | 0 | 0 | 1 | 1 | 1 | 1 | 1 |
 ---------------------------------
 | 2 | 0 | 1 | 1 | 1 | 2 | 1 | 2 |
 ---------------------------------
 | 2 | 2 | 0 | 1 | 2 | 1 | 2 | 2 |
 ---------------------------------
 | 2 | 2 | 0 | 2 | 2 | 1 | 1 | 2 |
 ---------------------------------
 | 2 | 2 | 2 | 3 | 2 | 1 | 1 | 2 |
 ---------------------------------
 | 2 | 2 | 2 | 3 | 2 | 1 | 1 | 2 |
 ---------------------------------
 | 2 | 2 | 2 | 3 | 2 | 3 | 0 | 2 |
 ---------------------------------
 | 2 | 2 | 2 | 2 | 2 | 2 | 2 | 2 |
 ---------------------------------

Move 26 done by Red:

 | 3 | 0 | 0 | 1 | 1 | 1 | 1 | 1 |
 ---------------------------------
 | 2 | 0 | 1 | 1 | 1 | 2 | 1 | 2 |
 ---------------------------------
 | 2 | 2 | 0 | 1 | 2 | 1 | 2 | 2 |
 ---------------------------------
 | 2 | 2 | 1 | 1 | 1 | 1 | 1 | 2 |
 ---------------------------------
 | 2 | 2 | 2 | 3 | 2 | 1 | 1 | 2 |
 ---------------------------------
 | 2 | 2 | 2 | 3 | 2 | 1 | 1 | 2 |
 ---------------------------------
 | 2 | 2 | 2 | 3 | 2 | 3 | 0 | 2 |
 ---------------------------------
 | 2 | 2 | 2 | 2 | 2 | 2 | 2 | 2 |
 ---------------------------------

Move 9 done by Yellow:

 | 3 | 0 | 0 | 1 | 1 | 1 | 1 | 1 |
 ---------------------------------
 | 2 | 3 | 1 | 1 | 1 | 2 | 1 | 2 |
 ---------------------------------
 | 2 | 2 | 0 | 1 | 2 | 1 | 2 | 2 |
 ---------------------------------
 | 2 | 2 | 1 | 1 | 1 | 1 | 1 | 2 |
 ---------------------------------
 | 2 | 2 | 2 | 3 | 2 | 1 | 1 | 2 |
 ---------------------------------
 | 2 | 2 | 2 | 3 | 2 | 1 | 1 | 2 |
 ---------------------------------
 | 2 | 2 | 2 | 3 | 2 | 3 | 0 | 2 |
 ---------------------------------
 | 2 | 2 | 2 | 2 | 2 | 2 | 2 | 2 |
 ---------------------------------

Move 18 done by Green:

 | 3 | 0 | 0 | 1 | 1 | 1 | 1 | 1 |
 ---------------------------------
 | 2 | 3 | 1 | 1 | 1 | 2 | 1 | 2 |
 ---------------------------------
 | 2 | 2 | 2 | 2 | 2 | 1 | 2 | 2 |
 ---------------------------------
 | 2 | 2 | 2 | 2 | 1 | 1 | 1 | 2 |
 ---------------------------------
 | 2 | 2 | 2 | 3 | 2 | 1 | 1 | 2 |
 ---------------------------------
 | 2 | 2 | 2 | 3 | 2 | 1 | 1 | 2 |
 ---------------------------------
 | 2 | 2 | 2 | 3 | 2 | 3 | 0 | 2 |
 ---------------------------------
 | 2 | 2 | 2 | 2 | 2 | 2 | 2 | 2 |
 ---------------------------------

Move 54 done by Red:

 | 3 | 0 | 0 | 1 | 1 | 1 | 1 | 1 |
 ---------------------------------
 | 2 | 3 | 1 | 1 | 1 | 2 | 1 | 2 |
 ---------------------------------
 | 2 | 2 | 2 | 2 | 2 | 1 | 2 | 2 |
 ---------------------------------
 | 2 | 2 | 2 | 2 | 1 | 1 | 1 | 2 |
 ---------------------------------
 | 2 | 2 | 2 | 3 | 2 | 1 | 1 | 2 |
 ---------------------------------
 | 2 | 2 | 2 | 3 | 2 | 1 | 1 | 2 |
 ---------------------------------
 | 2 | 2 | 2 | 3 | 2 | 3 | 1 | 2 |
 ---------------------------------
 | 2 | 2 | 2 | 2 | 2 | 2 | 2 | 2 |
 ---------------------------------

Move 2 done by Yellow:

 | 3 | 0 | 3 | 1 | 1 | 1 | 1 | 1 |
 ---------------------------------
 | 2 | 3 | 1 | 1 | 1 | 2 | 1 | 2 |
 ---------------------------------
 | 2 | 2 | 2 | 2 | 2 | 1 | 2 | 2 |
 ---------------------------------
 | 2 | 2 | 2 | 2 | 1 | 1 | 1 | 2 |
 ---------------------------------
 | 2 | 2 | 2 | 3 | 2 | 1 | 1 | 2 |
 ---------------------------------
 | 2 | 2 | 2 | 3 | 2 | 1 | 1 | 2 |
 ---------------------------------
 | 2 | 2 | 2 | 3 | 2 | 3 | 1 | 2 |
 ---------------------------------
 | 2 | 2 | 2 | 2 | 2 | 2 | 2 | 2 |
 ---------------------------------

Move 1 done by Green:

 | 3 | 2 | 3 | 1 | 1 | 1 | 1 | 1 |
 ---------------------------------
 | 2 | 2 | 2 | 1 | 1 | 2 | 1 | 2 |
 ---------------------------------
 | 2 | 2 | 2 | 2 | 2 | 1 | 2 | 2 |
 ---------------------------------
 | 2 | 2 | 2 | 2 | 1 | 1 | 1 | 2 |
 ---------------------------------
 | 2 | 2 | 2 | 3 | 2 | 1 | 1 | 2 |
 ---------------------------------
 | 2 | 2 | 2 | 3 | 2 | 1 | 1 | 2 |
 ---------------------------------
 | 2 | 2 | 2 | 3 | 2 | 3 | 1 | 2 |
 ---------------------------------
 | 2 | 2 | 2 | 2 | 2 | 2 | 2 | 2 |
 ---------------------------------

Game with: Red Yellow Green has ended!