Move 43 done:

 | 0 | 0 | 0 | 0 | 0 | 0 | 0 | 0 |
 ---------------------------------
 | 0 | 0 | 0 | 0 | 0 | 0 | 0 | 0 |
 ---------------------------------
 | 0 | 0 | 0 | 0 | 0 | 0 | 0 | 0 |
 ---------------------------------
 | 0 | 0 | 0 | 1 | 3 | 0 | 0 | 0 |
 ---------------------------------
 | 0 | 0 | 0 | 1 | 2 | 0 | 0 | 0 |
 ---------------------------------
 | 0 | 0 | 0 | 1 | 0 | 0 | 0 | 0 |
 ---------------------------------
 | 0 | 0 | 0 | 0 | 0 | 0 | 0 | 0 |
 ---------------------------------
 | 0 | 0 | 0 | 0 | 0 | 0 | 0 | 0 |
 ---------------------------------

Move 42 done:

 | 0 | 0 | 0 | 0 | 0 | 0 | 0 | 0 |
 ---------------------------------
 | 0 | 0 | 0 | 0 | 0 | 0 | 0 | 0 |
 ---------------------------------
 | 0 | 0 | 0 | 0 | 0 | 0 | 0 | 0 |
 ---------------------------------
 | 0 | 0 | 0 | 1 | 3 | 0 | 0 | 0 |
 ---------------------------------
 | 0 | 0 | 0 | 3 | 2 | 0 | 0 | 0 |
 ---------------------------------
 | 0 | 0 | 3 | 1 | 0 | 0 | 0 | 0 |
 ---------------------------------
 | 0 | 0 | 0 | 0 | 0 | 0 | 0 | 0 |
 ---------------------------------
 | 0 | 0 | 0 | 0 | 0 | 0 | 0 | 0 |
 ---------------------------------

Move 20 done:

 | 0 | 0 | 0 | 0 | 0 | 0 | 0 | 0 |
 ---------------------------------
 | 0 | 0 | 0 | 0 | 0 | 0 | 0 | 0 |
 ---------------------------------
 | 0 | 0 | 0 | 0 | 2 | 0 | 0 | 0 |
 ---------------------------------
 | 0 | 0 | 0 | 1 | 2 | 0 | 0 | 0 |
 ---------------------------------
 | 0 | 0 | 0 | 3 | 2 | 0 | 0 | 0 |
 ---------------------------------
 | 0 | 0 | 3 | 1 | 0 | 0 | 0 | 0 |
 ---------------------------------
 | 0 | 0 | 0 | 0 | 0 | 0 | 0 | 0 |
 ---------------------------------
 | 0 | 0 | 0 | 0 | 0 | 0 | 0 | 0 |
 ---------------------------------

Move 12 done:

 | 0 | 0 | 0 | 0 | 0 | 0 | 0 | 0 |
 ---------------------------------
 | 0 | 0 | 0 | 0 | 4 | 0 | 0 | 0 |
 ---------------------------------
 | 0 | 0 | 0 | 0 | 2 | 0 | 0 | 0 |
 ---------------------------------
 | 0 | 0 | 0 | 1 | 2 | 0 | 0 | 0 |
 ---------------------------------
 | 0 | 0 | 0 | 3 | 2 | 0 | 0 | 0 |
 ---------------------------------
 | 0 | 0 | 3 | 1 | 0 | 0 | 0 | 0 |
 ---------------------------------
 | 0 | 0 | 0 | 0 | 0 | 0 | 0 | 0 |
 ---------------------------------
 | 0 | 0 | 0 | 0 | 0 | 0 | 0 | 0 |
 ---------------------------------

Move 41 done:

 | 0 | 0 | 0 | 0 | 0 | 0 | 0 | 0 |
 ---------------------------------
 | 0 | 0 | 0 | 0 | 4 | 0 | 0 | 0 |
 ---------------------------------
 | 0 | 0 | 0 | 0 | 2 | 0 | 0 | 0 |
 ---------------------------------
 | 0 | 0 | 0 | 1 | 2 | 0 | 0 | 0 |
 ---------------------------------
 | 0 | 0 | 0 | 3 | 2 | 0 | 0 | 0 |
 ---------------------------------
 | 0 | 1 | 1 | 1 | 0 | 0 | 0 | 0 |
 ---------------------------------
 | 0 | 0 | 0 | 0 | 0 | 0 | 0 | 0 |
 ---------------------------------
 | 0 | 0 | 0 | 0 | 0 | 0 | 0 | 0 |
 ---------------------------------

Move 21 done:

 | 0 | 0 | 0 | 0 | 0 | 0 | 0 | 0 |
 ---------------------------------
 | 0 | 0 | 0 | 0 | 4 | 0 | 0 | 0 |
 ---------------------------------
 | 0 | 0 | 0 | 0 | 2 | 3 | 0 | 0 |
 ---------------------------------
 | 0 | 0 | 0 | 1 | 3 | 0 | 0 | 0 |
 ---------------------------------
 | 0 | 0 | 0 | 3 | 2 | 0 | 0 | 0 |
 ---------------------------------
 | 0 | 1 | 1 | 1 | 0 | 0 | 0 | 0 |
 ---------------------------------
 | 0 | 0 | 0 | 0 | 0 | 0 | 0 | 0 |
 ---------------------------------
 | 0 | 0 | 0 | 0 | 0 | 0 | 0 | 0 |
 ---------------------------------

Move 18 done:

 | 0 | 0 | 0 | 0 | 0 | 0 | 0 | 0 |
 ---------------------------------
 | 0 | 0 | 0 | 0 | 4 | 0 | 0 | 0 |
 ---------------------------------
 | 0 | 0 | 2 | 0 | 2 | 3 | 0 | 0 |
 ---------------------------------
 | 0 | 0 | 0 | 2 | 3 | 0 | 0 | 0 |
 ---------------------------------
 | 0 | 0 | 0 | 3 | 2 | 0 | 0 | 0 |
 ---------------------------------
 | 0 | 1 | 1 | 1 | 0 | 0 | 0 | 0 |
 ---------------------------------
 | 0 | 0 | 0 | 0 | 0 | 0 | 0 | 0 |
 ---------------------------------
 | 0 | 0 | 0 | 0 | 0 | 0 | 0 | 0 |
 ---------------------------------

Move 44 done:

 | 0 | 0 | 0 | 0 | 0 | 0 | 0 | 0 |
 ---------------------------------
 | 0 | 0 | 0 | 0 | 4 | 0 | 0 | 0 |
 ---------------------------------
 | 0 | 0 | 2 | 0 | 4 | 3 | 0 | 0 |
 ---------------------------------
 | 0 | 0 | 0 | 2 | 4 | 0 | 0 | 0 |
 ---------------------------------
 | 0 | 0 | 0 | 3 | 4 | 0 | 0 | 0 |
 ---------------------------------
 | 0 | 1 | 1 | 1 | 4 | 0 | 0 | 0 |
 ---------------------------------
 | 0 | 0 | 0 | 0 | 0 | 0 | 0 | 0 |
 ---------------------------------
 | 0 | 0 | 0 | 0 | 0 | 0 | 0 | 0 |
 ---------------------------------

Move 29 done:

 | 0 | 0 | 0 | 0 | 0 | 0 | 0 | 0 |
 ---------------------------------
 | 0 | 0 | 0 | 0 | 4 | 0 | 0 | 0 |
 ---------------------------------
 | 0 | 0 | 2 | 0 | 4 | 3 | 0 | 0 |
 ---------------------------------
 | 0 | 0 | 0 | 2 | 4 | 1 | 0 | 0 |
 ---------------------------------
 | 0 | 0 | 0 | 3 | 1 | 0 | 0 | 0 |
 ---------------------------------
 | 0 | 1 | 1 | 1 | 4 | 0 | 0 | 0 |
 ---------------------------------
 | 0 | 0 | 0 | 0 | 0 | 0 | 0 | 0 |
 ---------------------------------
 | 0 | 0 | 0 | 0 | 0 | 0 | 0 | 0 |
 ---------------------------------

Move 49 done:

 | 0 | 0 | 0 | 0 | 0 | 0 | 0 | 0 |
 ---------------------------------
 | 0 | 0 | 0 | 0 | 4 | 0 | 0 | 0 |
 ---------------------------------
 | 0 | 0 | 2 | 0 | 4 | 3 | 0 | 0 |
 ---------------------------------
 | 0 | 0 | 0 | 2 | 4 | 1 | 0 | 0 |
 ---------------------------------
 | 0 | 0 | 0 | 3 | 1 | 0 | 0 | 0 |
 ---------------------------------
 | 0 | 1 | 3 | 1 | 4 | 0 | 0 | 0 |
 ---------------------------------
 | 0 | 3 | 0 | 0 | 0 | 0 | 0 | 0 |
 ---------------------------------
 | 0 | 0 | 0 | 0 | 0 | 0 | 0 | 0 |
 ---------------------------------

Move 45 done:

 | 0 | 0 | 0 | 0 | 0 | 0 | 0 | 0 |
 ---------------------------------
 | 0 | 0 | 0 | 0 | 4 | 0 | 0 | 0 |
 ---------------------------------
 | 0 | 0 | 2 | 0 | 4 | 3 | 0 | 0 |
 ---------------------------------
 | 0 | 0 | 0 | 2 | 4 | 1 | 0 | 0 |
 ---------------------------------
 | 0 | 0 | 0 | 3 | 2 | 0 | 0 | 0 |
 ---------------------------------
 | 0 | 1 | 3 | 1 | 4 | 2 | 0 | 0 |
 ---------------------------------
 | 0 | 3 | 0 | 0 | 0 | 0 | 0 | 0 |
 ---------------------------------
 | 0 | 0 | 0 | 0 | 0 | 0 | 0 | 0 |
 ---------------------------------

Move 56 done:

 | 0 | 0 | 0 | 0 | 0 | 0 | 0 | 0 |
 ---------------------------------
 | 0 | 0 | 0 | 0 | 4 | 0 | 0 | 0 |
 ---------------------------------
 | 0 | 0 | 2 | 0 | 4 | 3 | 0 | 0 |
 ---------------------------------
 | 0 | 0 | 0 | 2 | 4 | 1 | 0 | 0 |
 ---------------------------------
 | 0 | 0 | 0 | 4 | 2 | 0 | 0 | 0 |
 ---------------------------------
 | 0 | 1 | 4 | 1 | 4 | 2 | 0 | 0 |
 ---------------------------------
 | 0 | 4 | 0 | 0 | 0 | 0 | 0 | 0 |
 ---------------------------------
 | 4 | 0 | 0 | 0 | 0 | 0 | 0 | 0 |
 ---------------------------------

Move 57 done:

 | 0 | 0 | 0 | 0 | 0 | 0 | 0 | 0 |
 ---------------------------------
 | 0 | 0 | 0 | 0 | 4 | 0 | 0 | 0 |
 ---------------------------------
 | 0 | 0 | 2 | 0 | 4 | 3 | 0 | 0 |
 ---------------------------------
 | 0 | 0 | 0 | 2 | 4 | 1 | 0 | 0 |
 ---------------------------------
 | 0 | 0 | 0 | 4 | 2 | 0 | 0 | 0 |
 ---------------------------------
 | 0 | 1 | 4 | 1 | 4 | 2 | 0 | 0 |
 ---------------------------------
 | 0 | 1 | 0 | 0 | 0 | 0 | 0 | 0 |
 ---------------------------------
 | 4 | 1 | 0 | 0 | 0 | 0 | 0 | 0 |
 ---------------------------------

Move 19 done:

 | 0 | 0 | 0 | 0 | 0 | 0 | 0 | 0 |
 ---------------------------------
 | 0 | 0 | 0 | 0 | 4 | 0 | 0 | 0 |
 ---------------------------------
 | 0 | 0 | 2 | 3 | 3 | 3 | 0 | 0 |
 ---------------------------------
 | 0 | 0 | 0 | 2 | 4 | 1 | 0 | 0 |
 ---------------------------------
 | 0 | 0 | 0 | 4 | 2 | 0 | 0 | 0 |
 ---------------------------------
 | 0 | 1 | 4 | 1 | 4 | 2 | 0 | 0 |
 ---------------------------------
 | 0 | 1 | 0 | 0 | 0 | 0 | 0 | 0 |
 ---------------------------------
 | 4 | 1 | 0 | 0 | 0 | 0 | 0 | 0 |
 ---------------------------------

Move 40 done:

 | 0 | 0 | 0 | 0 | 0 | 0 | 0 | 0 |
 ---------------------------------
 | 0 | 0 | 0 | 0 | 4 | 0 | 0 | 0 |
 ---------------------------------
 | 0 | 0 | 2 | 3 | 3 | 3 | 0 | 0 |
 ---------------------------------
 | 0 | 0 | 0 | 2 | 4 | 1 | 0 | 0 |
 ---------------------------------
 | 0 | 0 | 0 | 4 | 2 | 0 | 0 | 0 |
 ---------------------------------
 | 2 | 2 | 2 | 2 | 2 | 2 | 0 | 0 |
 ---------------------------------
 | 0 | 1 | 0 | 0 | 0 | 0 | 0 | 0 |
 ---------------------------------
 | 4 | 1 | 0 | 0 | 0 | 0 | 0 | 0 |
 ---------------------------------

Move 58 done:

 | 0 | 0 | 0 | 0 | 0 | 0 | 0 | 0 |
 ---------------------------------
 | 0 | 0 | 0 | 0 | 4 | 0 | 0 | 0 |
 ---------------------------------
 | 0 | 0 | 2 | 3 | 3 | 3 | 0 | 0 |
 ---------------------------------
 | 0 | 0 | 0 | 2 | 4 | 1 | 0 | 0 |
 ---------------------------------
 | 0 | 0 | 0 | 4 | 2 | 0 | 0 | 0 |
 ---------------------------------
 | 2 | 2 | 2 | 2 | 2 | 2 | 0 | 0 |
 ---------------------------------
 | 0 | 1 | 0 | 0 | 0 | 0 | 0 | 0 |
 ---------------------------------
 | 4 | 4 | 4 | 0 | 0 | 0 | 0 | 0 |
 ---------------------------------

Move 13 done:

 | 0 | 0 | 0 | 0 | 0 | 0 | 0 | 0 |
 ---------------------------------
 | 0 | 0 | 0 | 0 | 4 | 1 | 0 | 0 |
 ---------------------------------
 | 0 | 0 | 2 | 3 | 3 | 1 | 0 | 0 |
 ---------------------------------
 | 0 | 0 | 0 | 2 | 4 | 1 | 0 | 0 |
 ---------------------------------
 | 0 | 0 | 0 | 4 | 2 | 0 | 0 | 0 |
 ---------------------------------
 | 2 | 2 | 2 | 2 | 2 | 2 | 0 | 0 |
 ---------------------------------
 | 0 | 1 | 0 | 0 | 0 | 0 | 0 | 0 |
 ---------------------------------
 | 4 | 4 | 4 | 0 | 0 | 0 | 0 | 0 |
 ---------------------------------

Move 5 done:

 | 0 | 0 | 0 | 0 | 0 | 3 | 0 | 0 |
 ---------------------------------
 | 0 | 0 | 0 | 0 | 3 | 1 | 0 | 0 |
 ---------------------------------
 | 0 | 0 | 2 | 3 | 3 | 1 | 0 | 0 |
 ---------------------------------
 | 0 | 0 | 0 | 2 | 4 | 1 | 0 | 0 |
 ---------------------------------
 | 0 | 0 | 0 | 4 | 2 | 0 | 0 | 0 |
 ---------------------------------
 | 2 | 2 | 2 | 2 | 2 | 2 | 0 | 0 |
 ---------------------------------
 | 0 | 1 | 0 | 0 | 0 | 0 | 0 | 0 |
 ---------------------------------
 | 4 | 4 | 4 | 0 | 0 | 0 | 0 | 0 |
 ---------------------------------

Move 6 done:

 | 0 | 0 | 0 | 0 | 0 | 3 | 2 | 0 |
 ---------------------------------
 | 0 | 0 | 0 | 0 | 3 | 2 | 0 | 0 |
 ---------------------------------
 | 0 | 0 | 2 | 3 | 2 | 1 | 0 | 0 |
 ---------------------------------
 | 0 | 0 | 0 | 2 | 4 | 1 | 0 | 0 |
 ---------------------------------
 | 0 | 0 | 0 | 4 | 2 | 0 | 0 | 0 |
 ---------------------------------
 | 2 | 2 | 2 | 2 | 2 | 2 | 0 | 0 |
 ---------------------------------
 | 0 | 1 | 0 | 0 | 0 | 0 | 0 | 0 |
 ---------------------------------
 | 4 | 4 | 4 | 0 | 0 | 0 | 0 | 0 |
 ---------------------------------

Move 10 done:

 | 0 | 0 | 0 | 0 | 0 | 3 | 2 | 0 |
 ---------------------------------
 | 0 | 0 | 4 | 0 | 3 | 2 | 0 | 0 |
 ---------------------------------
 | 0 | 0 | 2 | 4 | 2 | 1 | 0 | 0 |
 ---------------------------------
 | 0 | 0 | 0 | 2 | 4 | 1 | 0 | 0 |
 ---------------------------------
 | 0 | 0 | 0 | 4 | 2 | 0 | 0 | 0 |
 ---------------------------------
 | 2 | 2 | 2 | 2 | 2 | 2 | 0 | 0 |
 ---------------------------------
 | 0 | 1 | 0 | 0 | 0 | 0 | 0 | 0 |
 ---------------------------------
 | 4 | 4 | 4 | 0 | 0 | 0 | 0 | 0 |
 ---------------------------------

Move 11 done:

 | 0 | 0 | 0 | 0 | 0 | 3 | 2 | 0 |
 ---------------------------------
 | 0 | 0 | 4 | 1 | 3 | 2 | 0 | 0 |
 ---------------------------------
 | 0 | 0 | 2 | 4 | 1 | 1 | 0 | 0 |
 ---------------------------------
 | 0 | 0 | 0 | 2 | 4 | 1 | 0 | 0 |
 ---------------------------------
 | 0 | 0 | 0 | 4 | 2 | 0 | 0 | 0 |
 ---------------------------------
 | 2 | 2 | 2 | 2 | 2 | 2 | 0 | 0 |
 ---------------------------------
 | 0 | 1 | 0 | 0 | 0 | 0 | 0 | 0 |
 ---------------------------------
 | 4 | 4 | 4 | 0 | 0 | 0 | 0 | 0 |
 ---------------------------------

Move 7 done:

 | 0 | 0 | 0 | 0 | 0 | 3 | 3 | 3 |
 ---------------------------------
 | 0 | 0 | 4 | 1 | 3 | 2 | 0 | 0 |
 ---------------------------------
 | 0 | 0 | 2 | 4 | 1 | 1 | 0 | 0 |
 ---------------------------------
 | 0 | 0 | 0 | 2 | 4 | 1 | 0 | 0 |
 ---------------------------------
 | 0 | 0 | 0 | 4 | 2 | 0 | 0 | 0 |
 ---------------------------------
 | 2 | 2 | 2 | 2 | 2 | 2 | 0 | 0 |
 ---------------------------------
 | 0 | 1 | 0 | 0 | 0 | 0 | 0 | 0 |
 ---------------------------------
 | 4 | 4 | 4 | 0 | 0 | 0 | 0 | 0 |
 ---------------------------------

Move 3 done:

 | 0 | 0 | 0 | 2 | 0 | 3 | 3 | 3 |
 ---------------------------------
 | 0 | 0 | 4 | 2 | 3 | 2 | 0 | 0 |
 ---------------------------------
 | 0 | 0 | 2 | 2 | 1 | 1 | 0 | 0 |
 ---------------------------------
 | 0 | 0 | 0 | 2 | 4 | 1 | 0 | 0 |
 ---------------------------------
 | 0 | 0 | 0 | 4 | 2 | 0 | 0 | 0 |
 ---------------------------------
 | 2 | 2 | 2 | 2 | 2 | 2 | 0 | 0 |
 ---------------------------------
 | 0 | 1 | 0 | 0 | 0 | 0 | 0 | 0 |
 ---------------------------------
 | 4 | 4 | 4 | 0 | 0 | 0 | 0 | 0 |
 ---------------------------------

Move 30 done:

 | 0 | 0 | 0 | 2 | 0 | 3 | 3 | 3 |
 ---------------------------------
 | 0 | 0 | 4 | 2 | 3 | 2 | 0 | 0 |
 ---------------------------------
 | 0 | 0 | 2 | 2 | 1 | 1 | 0 | 0 |
 ---------------------------------
 | 0 | 0 | 0 | 2 | 4 | 4 | 4 | 0 |
 ---------------------------------
 | 0 | 0 | 0 | 4 | 2 | 0 | 0 | 0 |
 ---------------------------------
 | 2 | 2 | 2 | 2 | 2 | 2 | 0 | 0 |
 ---------------------------------
 | 0 | 1 | 0 | 0 | 0 | 0 | 0 | 0 |
 ---------------------------------
 | 4 | 4 | 4 | 0 | 0 | 0 | 0 | 0 |
 ---------------------------------

Move 4 done:

 | 0 | 0 | 0 | 2 | 1 | 3 | 3 | 3 |
 ---------------------------------
 | 0 | 0 | 4 | 2 | 1 | 2 | 0 | 0 |
 ---------------------------------
 | 0 | 0 | 2 | 2 | 1 | 1 | 0 | 0 |
 ---------------------------------
 | 0 | 0 | 0 | 2 | 4 | 4 | 4 | 0 |
 ---------------------------------
 | 0 | 0 | 0 | 4 | 2 | 0 | 0 | 0 |
 ---------------------------------
 | 2 | 2 | 2 | 2 | 2 | 2 | 0 | 0 |
 ---------------------------------
 | 0 | 1 | 0 | 0 | 0 | 0 | 0 | 0 |
 ---------------------------------
 | 4 | 4 | 4 | 0 | 0 | 0 | 0 | 0 |
 ---------------------------------

Move 26 done:

 | 0 | 0 | 0 | 2 | 1 | 3 | 3 | 3 |
 ---------------------------------
 | 0 | 0 | 4 | 2 | 3 | 2 | 0 | 0 |
 ---------------------------------
 | 0 | 0 | 2 | 3 | 1 | 1 | 0 | 0 |
 ---------------------------------
 | 0 | 0 | 3 | 2 | 4 | 4 | 4 | 0 |
 ---------------------------------
 | 0 | 0 | 0 | 4 | 2 | 0 | 0 | 0 |
 ---------------------------------
 | 2 | 2 | 2 | 2 | 2 | 2 | 0 | 0 |
 ---------------------------------
 | 0 | 1 | 0 | 0 | 0 | 0 | 0 | 0 |
 ---------------------------------
 | 4 | 4 | 4 | 0 | 0 | 0 | 0 | 0 |
 ---------------------------------

Move 31 done:

 | 0 | 0 | 0 | 2 | 1 | 3 | 3 | 3 |
 ---------------------------------
 | 0 | 0 | 4 | 2 | 3 | 2 | 0 | 0 |
 ---------------------------------
 | 0 | 0 | 2 | 3 | 1 | 1 | 0 | 0 |
 ---------------------------------
 | 0 | 0 | 3 | 2 | 2 | 2 | 2 | 2 |
 ---------------------------------
 | 0 | 0 | 0 | 4 | 2 | 0 | 0 | 0 |
 ---------------------------------
 | 2 | 2 | 2 | 2 | 2 | 2 | 0 | 0 |
 ---------------------------------
 | 0 | 1 | 0 | 0 | 0 | 0 | 0 | 0 |
 ---------------------------------
 | 4 | 4 | 4 | 0 | 0 | 0 | 0 | 0 |
 ---------------------------------

Move 51 done:

 | 0 | 0 | 0 | 2 | 1 | 3 | 3 | 3 |
 ---------------------------------
 | 0 | 0 | 4 | 2 | 3 | 2 | 0 | 0 |
 ---------------------------------
 | 0 | 0 | 2 | 3 | 1 | 1 | 0 | 0 |
 ---------------------------------
 | 0 | 0 | 3 | 2 | 2 | 2 | 2 | 2 |
 ---------------------------------
 | 0 | 0 | 0 | 4 | 2 | 0 | 0 | 0 |
 ---------------------------------
 | 2 | 2 | 2 | 4 | 2 | 2 | 0 | 0 |
 ---------------------------------
 | 0 | 1 | 0 | 4 | 0 | 0 | 0 | 0 |
 ---------------------------------
 | 4 | 4 | 4 | 0 | 0 | 0 | 0 | 0 |
 ---------------------------------

Move 39 done:

 | 0 | 0 | 0 | 2 | 1 | 3 | 3 | 3 |
 ---------------------------------
 | 0 | 0 | 4 | 2 | 3 | 2 | 0 | 0 |
 ---------------------------------
 | 0 | 0 | 2 | 3 | 1 | 1 | 0 | 0 |
 ---------------------------------
 | 0 | 0 | 3 | 2 | 2 | 2 | 1 | 2 |
 ---------------------------------
 | 0 | 0 | 0 | 4 | 2 | 0 | 0 | 1 |
 ---------------------------------
 | 2 | 2 | 2 | 4 | 2 | 2 | 0 | 0 |
 ---------------------------------
 | 0 | 1 | 0 | 4 | 0 | 0 | 0 | 0 |
 ---------------------------------
 | 4 | 4 | 4 | 0 | 0 | 0 | 0 | 0 |
 ---------------------------------

Move 59 done:

 | 0 | 0 | 0 | 2 | 1 | 3 | 3 | 3 |
 ---------------------------------
 | 0 | 0 | 4 | 2 | 3 | 2 | 0 | 0 |
 ---------------------------------
 | 0 | 0 | 2 | 3 | 1 | 1 | 0 | 0 |
 ---------------------------------
 | 0 | 0 | 3 | 3 | 2 | 2 | 1 | 2 |
 ---------------------------------
 | 0 | 0 | 0 | 3 | 2 | 0 | 0 | 1 |
 ---------------------------------
 | 2 | 2 | 2 | 3 | 2 | 2 | 0 | 0 |
 ---------------------------------
 | 0 | 1 | 0 | 3 | 0 | 0 | 0 | 0 |
 ---------------------------------
 | 4 | 4 | 4 | 3 | 0 | 0 | 0 | 0 |
 ---------------------------------

Move 47 done:

 | 0 | 0 | 0 | 2 | 1 | 3 | 3 | 3 |
 ---------------------------------
 | 0 | 0 | 4 | 2 | 3 | 2 | 0 | 0 |
 ---------------------------------
 | 0 | 0 | 2 | 3 | 1 | 1 | 0 | 0 |
 ---------------------------------
 | 0 | 0 | 3 | 3 | 2 | 2 | 1 | 2 |
 ---------------------------------
 | 0 | 0 | 0 | 3 | 2 | 0 | 0 | 2 |
 ---------------------------------
 | 2 | 2 | 2 | 3 | 2 | 2 | 0 | 2 |
 ---------------------------------
 | 0 | 1 | 0 | 3 | 0 | 0 | 0 | 0 |
 ---------------------------------
 | 4 | 4 | 4 | 3 | 0 | 0 | 0 | 0 |
 ---------------------------------

Move 60 done:

 | 0 | 0 | 0 | 2 | 1 | 3 | 3 | 3 |
 ---------------------------------
 | 0 | 0 | 4 | 2 | 3 | 2 | 0 | 0 |
 ---------------------------------
 | 0 | 0 | 2 | 3 | 1 | 1 | 0 | 0 |
 ---------------------------------
 | 0 | 0 | 3 | 3 | 2 | 2 | 1 | 2 |
 ---------------------------------
 | 0 | 0 | 0 | 3 | 2 | 0 | 0 | 2 |
 ---------------------------------
 | 2 | 2 | 2 | 3 | 2 | 2 | 0 | 2 |
 ---------------------------------
 | 0 | 1 | 0 | 3 | 0 | 0 | 0 | 0 |
 ---------------------------------
 | 4 | 4 | 4 | 4 | 4 | 0 | 0 | 0 |
 ---------------------------------

Move 22 done:

 | 0 | 0 | 0 | 2 | 1 | 3 | 3 | 3 |
 ---------------------------------
 | 0 | 0 | 4 | 2 | 3 | 1 | 0 | 0 |
 ---------------------------------
 | 0 | 0 | 2 | 3 | 1 | 1 | 1 | 0 |
 ---------------------------------
 | 0 | 0 | 3 | 3 | 2 | 2 | 1 | 2 |
 ---------------------------------
 | 0 | 0 | 0 | 3 | 2 | 0 | 0 | 2 |
 ---------------------------------
 | 2 | 2 | 2 | 3 | 2 | 2 | 0 | 2 |
 ---------------------------------
 | 0 | 1 | 0 | 3 | 0 | 0 | 0 | 0 |
 ---------------------------------
 | 4 | 4 | 4 | 4 | 4 | 0 | 0 | 0 |
 ---------------------------------

Move 15 done:

 | 0 | 0 | 0 | 2 | 1 | 3 | 3 | 3 |
 ---------------------------------
 | 0 | 0 | 4 | 2 | 3 | 1 | 0 | 3 |
 ---------------------------------
 | 0 | 0 | 2 | 3 | 1 | 1 | 3 | 0 |
 ---------------------------------
 | 0 | 0 | 3 | 3 | 2 | 3 | 1 | 2 |
 ---------------------------------
 | 0 | 0 | 0 | 3 | 3 | 0 | 0 | 2 |
 ---------------------------------
 | 2 | 2 | 2 | 3 | 2 | 2 | 0 | 2 |
 ---------------------------------
 | 0 | 1 | 0 | 3 | 0 | 0 | 0 | 0 |
 ---------------------------------
 | 4 | 4 | 4 | 4 | 4 | 0 | 0 | 0 |
 ---------------------------------

Move 23 done:

 | 0 | 0 | 0 | 2 | 1 | 3 | 3 | 3 |
 ---------------------------------
 | 0 | 0 | 4 | 2 | 3 | 1 | 0 | 3 |
 ---------------------------------
 | 0 | 0 | 2 | 2 | 2 | 2 | 2 | 2 |
 ---------------------------------
 | 0 | 0 | 3 | 3 | 2 | 3 | 1 | 2 |
 ---------------------------------
 | 0 | 0 | 0 | 3 | 3 | 0 | 0 | 2 |
 ---------------------------------
 | 2 | 2 | 2 | 3 | 2 | 2 | 0 | 2 |
 ---------------------------------
 | 0 | 1 | 0 | 3 | 0 | 0 | 0 | 0 |
 ---------------------------------
 | 4 | 4 | 4 | 4 | 4 | 0 | 0 | 0 |
 ---------------------------------

Move 34 done:

 | 0 | 0 | 0 | 2 | 1 | 3 | 3 | 3 |
 ---------------------------------
 | 0 | 0 | 4 | 2 | 3 | 1 | 0 | 3 |
 ---------------------------------
 | 0 | 0 | 4 | 2 | 2 | 2 | 2 | 2 |
 ---------------------------------
 | 0 | 0 | 4 | 3 | 2 | 3 | 1 | 2 |
 ---------------------------------
 | 0 | 0 | 4 | 3 | 3 | 0 | 0 | 2 |
 ---------------------------------
 | 2 | 2 | 2 | 3 | 2 | 2 | 0 | 2 |
 ---------------------------------
 | 0 | 1 | 0 | 3 | 0 | 0 | 0 | 0 |
 ---------------------------------
 | 4 | 4 | 4 | 4 | 4 | 0 | 0 | 0 |
 ---------------------------------

Move 48 done:

 | 0 | 0 | 0 | 2 | 1 | 3 | 3 | 3 |
 ---------------------------------
 | 0 | 0 | 4 | 2 | 3 | 1 | 0 | 3 |
 ---------------------------------
 | 0 | 0 | 4 | 2 | 1 | 2 | 2 | 2 |
 ---------------------------------
 | 0 | 0 | 4 | 1 | 2 | 3 | 1 | 2 |
 ---------------------------------
 | 0 | 0 | 1 | 3 | 3 | 0 | 0 | 2 |
 ---------------------------------
 | 2 | 1 | 2 | 3 | 2 | 2 | 0 | 2 |
 ---------------------------------
 | 1 | 1 | 0 | 3 | 0 | 0 | 0 | 0 |
 ---------------------------------
 | 4 | 4 | 4 | 4 | 4 | 0 | 0 | 0 |
 ---------------------------------

Move 55 done:

 | 0 | 0 | 0 | 2 | 1 | 3 | 3 | 3 |
 ---------------------------------
 | 0 | 0 | 4 | 2 | 3 | 1 | 0 | 3 |
 ---------------------------------
 | 0 | 0 | 4 | 2 | 1 | 2 | 2 | 3 |
 ---------------------------------
 | 0 | 0 | 4 | 1 | 2 | 3 | 1 | 3 |
 ---------------------------------
 | 0 | 0 | 1 | 3 | 3 | 0 | 0 | 3 |
 ---------------------------------
 | 2 | 1 | 2 | 3 | 2 | 2 | 0 | 3 |
 ---------------------------------
 | 1 | 1 | 0 | 3 | 0 | 0 | 0 | 3 |
 ---------------------------------
 | 4 | 4 | 4 | 4 | 4 | 0 | 0 | 0 |
 ---------------------------------

Move 33 done:

 | 0 | 0 | 0 | 2 | 1 | 3 | 3 | 3 |
 ---------------------------------
 | 0 | 0 | 4 | 2 | 3 | 1 | 0 | 3 |
 ---------------------------------
 | 0 | 0 | 4 | 2 | 1 | 2 | 2 | 3 |
 ---------------------------------
 | 0 | 0 | 2 | 1 | 2 | 3 | 1 | 3 |
 ---------------------------------
 | 0 | 2 | 1 | 3 | 3 | 0 | 0 | 3 |
 ---------------------------------
 | 2 | 1 | 2 | 3 | 2 | 2 | 0 | 3 |
 ---------------------------------
 | 1 | 1 | 0 | 3 | 0 | 0 | 0 | 3 |
 ---------------------------------
 | 4 | 4 | 4 | 4 | 4 | 0 | 0 | 0 |
 ---------------------------------

Move 32 done:

 | 0 | 0 | 0 | 2 | 1 | 3 | 3 | 3 |
 ---------------------------------
 | 0 | 0 | 4 | 2 | 3 | 1 | 0 | 3 |
 ---------------------------------
 | 0 | 0 | 4 | 2 | 1 | 2 | 2 | 3 |
 ---------------------------------
 | 0 | 0 | 2 | 1 | 2 | 3 | 1 | 3 |
 ---------------------------------
 | 4 | 2 | 1 | 3 | 3 | 0 | 0 | 3 |
 ---------------------------------
 | 4 | 1 | 2 | 3 | 2 | 2 | 0 | 3 |
 ---------------------------------
 | 4 | 1 | 0 | 3 | 0 | 0 | 0 | 3 |
 ---------------------------------
 | 4 | 4 | 4 | 4 | 4 | 0 | 0 | 0 |
 ---------------------------------

Move 38 done:

 | 0 | 0 | 0 | 2 | 1 | 3 | 3 | 3 |
 ---------------------------------
 | 0 | 0 | 4 | 2 | 3 | 1 | 0 | 3 |
 ---------------------------------
 | 0 | 0 | 4 | 2 | 1 | 2 | 2 | 3 |
 ---------------------------------
 | 0 | 0 | 2 | 1 | 2 | 1 | 1 | 3 |
 ---------------------------------
 | 4 | 2 | 1 | 3 | 3 | 0 | 1 | 3 |
 ---------------------------------
 | 4 | 1 | 2 | 3 | 2 | 2 | 0 | 3 |
 ---------------------------------
 | 4 | 1 | 0 | 3 | 0 | 0 | 0 | 3 |
 ---------------------------------
 | 4 | 4 | 4 | 4 | 4 | 0 | 0 | 0 |
 ---------------------------------

Move 24 done:

 | 0 | 0 | 0 | 2 | 1 | 3 | 3 | 3 |
 ---------------------------------
 | 0 | 0 | 4 | 2 | 3 | 1 | 0 | 3 |
 ---------------------------------
 | 0 | 0 | 4 | 2 | 1 | 2 | 2 | 3 |
 ---------------------------------
 | 3 | 0 | 2 | 1 | 2 | 1 | 1 | 3 |
 ---------------------------------
 | 4 | 3 | 1 | 3 | 3 | 0 | 1 | 3 |
 ---------------------------------
 | 4 | 1 | 3 | 3 | 2 | 2 | 0 | 3 |
 ---------------------------------
 | 4 | 1 | 0 | 3 | 0 | 0 | 0 | 3 |
 ---------------------------------
 | 4 | 4 | 4 | 4 | 4 | 0 | 0 | 0 |
 ---------------------------------

Move 25 done:

 | 0 | 0 | 0 | 2 | 1 | 3 | 3 | 3 |
 ---------------------------------
 | 0 | 0 | 4 | 2 | 3 | 1 | 0 | 3 |
 ---------------------------------
 | 0 | 0 | 2 | 2 | 1 | 2 | 2 | 3 |
 ---------------------------------
 | 3 | 2 | 2 | 1 | 2 | 1 | 1 | 3 |
 ---------------------------------
 | 4 | 3 | 1 | 3 | 3 | 0 | 1 | 3 |
 ---------------------------------
 | 4 | 1 | 3 | 3 | 2 | 2 | 0 | 3 |
 ---------------------------------
 | 4 | 1 | 0 | 3 | 0 | 0 | 0 | 3 |
 ---------------------------------
 | 4 | 4 | 4 | 4 | 4 | 0 | 0 | 0 |
 ---------------------------------

Move 17 done:

 | 0 | 0 | 0 | 2 | 1 | 3 | 3 | 3 |
 ---------------------------------
 | 0 | 0 | 4 | 2 | 3 | 1 | 0 | 3 |
 ---------------------------------
 | 0 | 4 | 2 | 2 | 1 | 2 | 2 | 3 |
 ---------------------------------
 | 3 | 4 | 2 | 1 | 2 | 1 | 1 | 3 |
 ---------------------------------
 | 4 | 4 | 1 | 3 | 3 | 0 | 1 | 3 |
 ---------------------------------
 | 4 | 4 | 3 | 3 | 2 | 2 | 0 | 3 |
 ---------------------------------
 | 4 | 4 | 0 | 3 | 0 | 0 | 0 | 3 |
 ---------------------------------
 | 4 | 4 | 4 | 4 | 4 | 0 | 0 | 0 |
 ---------------------------------

Move 16 done:

 | 0 | 0 | 0 | 2 | 1 | 3 | 3 | 3 |
 ---------------------------------
 | 0 | 0 | 4 | 2 | 3 | 1 | 0 | 3 |
 ---------------------------------
 | 1 | 1 | 1 | 1 | 1 | 2 | 2 | 3 |
 ---------------------------------
 | 3 | 1 | 2 | 1 | 2 | 1 | 1 | 3 |
 ---------------------------------
 | 4 | 4 | 1 | 3 | 3 | 0 | 1 | 3 |
 ---------------------------------
 | 4 | 4 | 3 | 3 | 2 | 2 | 0 | 3 |
 ---------------------------------
 | 4 | 4 | 0 | 3 | 0 | 0 | 0 | 3 |
 ---------------------------------
 | 4 | 4 | 4 | 4 | 4 | 0 | 0 | 0 |
 ---------------------------------

Move 8 done:

 | 0 | 0 | 0 | 2 | 1 | 3 | 3 | 3 |
 ---------------------------------
 | 3 | 0 | 4 | 2 | 3 | 1 | 0 | 3 |
 ---------------------------------
 | 3 | 3 | 1 | 1 | 1 | 2 | 2 | 3 |
 ---------------------------------
 | 3 | 1 | 3 | 1 | 2 | 1 | 1 | 3 |
 ---------------------------------
 | 4 | 4 | 1 | 3 | 3 | 0 | 1 | 3 |
 ---------------------------------
 | 4 | 4 | 3 | 3 | 2 | 2 | 0 | 3 |
 ---------------------------------
 | 4 | 4 | 0 | 3 | 0 | 0 | 0 | 3 |
 ---------------------------------
 | 4 | 4 | 4 | 4 | 4 | 0 | 0 | 0 |
 ---------------------------------

Move 37 done:

 | 0 | 0 | 0 | 2 | 1 | 3 | 3 | 3 |
 ---------------------------------
 | 3 | 0 | 4 | 2 | 3 | 1 | 0 | 3 |
 ---------------------------------
 | 3 | 3 | 1 | 1 | 1 | 2 | 2 | 3 |
 ---------------------------------
 | 3 | 1 | 3 | 1 | 2 | 2 | 1 | 3 |
 ---------------------------------
 | 4 | 4 | 1 | 3 | 3 | 2 | 1 | 3 |
 ---------------------------------
 | 4 | 4 | 3 | 3 | 2 | 2 | 0 | 3 |
 ---------------------------------
 | 4 | 4 | 0 | 3 | 0 | 0 | 0 | 3 |
 ---------------------------------
 | 4 | 4 | 4 | 4 | 4 | 0 | 0 | 0 |
 ---------------------------------

Move 0 done:

 | 4 | 0 | 0 | 2 | 1 | 3 | 3 | 3 |
 ---------------------------------
 | 4 | 0 | 4 | 2 | 3 | 1 | 0 | 3 |
 ---------------------------------
 | 4 | 3 | 1 | 1 | 1 | 2 | 2 | 3 |
 ---------------------------------
 | 4 | 1 | 3 | 1 | 2 | 2 | 1 | 3 |
 ---------------------------------
 | 4 | 4 | 1 | 3 | 3 | 2 | 1 | 3 |
 ---------------------------------
 | 4 | 4 | 3 | 3 | 2 | 2 | 0 | 3 |
 ---------------------------------
 | 4 | 4 | 0 | 3 | 0 | 0 | 0 | 3 |
 ---------------------------------
 | 4 | 4 | 4 | 4 | 4 | 0 | 0 | 0 |
 ---------------------------------

Move 14 done:

 | 4 | 0 | 0 | 2 | 1 | 3 | 3 | 3 |
 ---------------------------------
 | 4 | 0 | 4 | 2 | 3 | 1 | 1 | 3 |
 ---------------------------------
 | 4 | 3 | 1 | 1 | 1 | 2 | 1 | 3 |
 ---------------------------------
 | 4 | 1 | 3 | 1 | 2 | 2 | 1 | 3 |
 ---------------------------------
 | 4 | 4 | 1 | 3 | 3 | 2 | 1 | 3 |
 ---------------------------------
 | 4 | 4 | 3 | 3 | 2 | 2 | 0 | 3 |
 ---------------------------------
 | 4 | 4 | 0 | 3 | 0 | 0 | 0 | 3 |
 ---------------------------------
 | 4 | 4 | 4 | 4 | 4 | 0 | 0 | 0 |
 ---------------------------------

Move 54 done:

 | 4 | 0 | 0 | 2 | 1 | 3 | 3 | 3 |
 ---------------------------------
 | 4 | 0 | 4 | 2 | 3 | 1 | 1 | 3 |
 ---------------------------------
 | 4 | 3 | 1 | 1 | 1 | 2 | 1 | 3 |
 ---------------------------------
 | 4 | 1 | 3 | 1 | 2 | 2 | 1 | 3 |
 ---------------------------------
 | 4 | 4 | 1 | 3 | 3 | 2 | 1 | 3 |
 ---------------------------------
 | 4 | 4 | 3 | 3 | 2 | 3 | 0 | 3 |
 ---------------------------------
 | 4 | 4 | 0 | 3 | 0 | 0 | 3 | 3 |
 ---------------------------------
 | 4 | 4 | 4 | 4 | 4 | 0 | 0 | 0 |
 ---------------------------------

Move 46 done:

 | 4 | 0 | 0 | 2 | 1 | 3 | 3 | 3 |
 ---------------------------------
 | 4 | 0 | 4 | 2 | 3 | 1 | 1 | 3 |
 ---------------------------------
 | 4 | 3 | 1 | 1 | 1 | 2 | 1 | 3 |
 ---------------------------------
 | 4 | 1 | 3 | 1 | 2 | 2 | 1 | 3 |
 ---------------------------------
 | 4 | 4 | 1 | 3 | 3 | 2 | 1 | 3 |
 ---------------------------------
 | 4 | 4 | 3 | 3 | 2 | 2 | 2 | 3 |
 ---------------------------------
 | 4 | 4 | 0 | 3 | 0 | 0 | 3 | 3 |
 ---------------------------------
 | 4 | 4 | 4 | 4 | 4 | 0 | 0 | 0 |
 ---------------------------------

Move 52 done:

 | 4 | 0 | 0 | 2 | 1 | 3 | 3 | 3 |
 ---------------------------------
 | 4 | 0 | 4 | 2 | 3 | 1 | 1 | 3 |
 ---------------------------------
 | 4 | 3 | 1 | 1 | 1 | 2 | 1 | 3 |
 ---------------------------------
 | 4 | 4 | 3 | 1 | 2 | 2 | 1 | 3 |
 ---------------------------------
 | 4 | 4 | 4 | 3 | 3 | 2 | 1 | 3 |
 ---------------------------------
 | 4 | 4 | 3 | 4 | 2 | 2 | 2 | 3 |
 ---------------------------------
 | 4 | 4 | 0 | 3 | 4 | 0 | 3 | 3 |
 ---------------------------------
 | 4 | 4 | 4 | 4 | 4 | 0 | 0 | 0 |
 ---------------------------------

Move 63 done:

 | 4 | 0 | 0 | 2 | 1 | 3 | 3 | 3 |
 ---------------------------------
 | 4 | 0 | 4 | 2 | 3 | 1 | 1 | 3 |
 ---------------------------------
 | 4 | 3 | 1 | 1 | 1 | 2 | 1 | 3 |
 ---------------------------------
 | 4 | 4 | 3 | 1 | 2 | 2 | 1 | 3 |
 ---------------------------------
 | 4 | 4 | 4 | 3 | 1 | 2 | 1 | 3 |
 ---------------------------------
 | 4 | 4 | 3 | 4 | 2 | 1 | 2 | 3 |
 ---------------------------------
 | 4 | 4 | 0 | 3 | 4 | 0 | 1 | 3 |
 ---------------------------------
 | 4 | 4 | 4 | 4 | 4 | 0 | 0 | 1 |
 ---------------------------------

Move 61 done:

 | 4 | 0 | 0 | 2 | 1 | 3 | 3 | 3 |
 ---------------------------------
 | 4 | 0 | 4 | 2 | 3 | 1 | 1 | 3 |
 ---------------------------------
 | 4 | 3 | 1 | 1 | 1 | 2 | 1 | 3 |
 ---------------------------------
 | 4 | 4 | 3 | 1 | 2 | 2 | 1 | 3 |
 ---------------------------------
 | 4 | 4 | 4 | 3 | 1 | 2 | 1 | 3 |
 ---------------------------------
 | 4 | 4 | 3 | 4 | 2 | 1 | 2 | 3 |
 ---------------------------------
 | 4 | 4 | 0 | 3 | 4 | 0 | 3 | 3 |
 ---------------------------------
 | 4 | 4 | 4 | 4 | 4 | 3 | 0 | 1 |
 ---------------------------------

Move 62 done:

 | 4 | 0 | 0 | 2 | 1 | 3 | 3 | 3 |
 ---------------------------------
 | 4 | 0 | 4 | 2 | 3 | 1 | 1 | 3 |
 ---------------------------------
 | 4 | 3 | 1 | 1 | 1 | 2 | 1 | 3 |
 ---------------------------------
 | 4 | 4 | 3 | 1 | 2 | 2 | 1 | 3 |
 ---------------------------------
 | 4 | 4 | 4 | 3 | 1 | 2 | 1 | 3 |
 ---------------------------------
 | 4 | 4 | 3 | 4 | 2 | 1 | 2 | 3 |
 ---------------------------------
 | 4 | 4 | 0 | 3 | 4 | 0 | 2 | 3 |
 ---------------------------------
 | 4 | 4 | 4 | 4 | 4 | 3 | 2 | 1 |
 ---------------------------------

Move 53 done:

 | 4 | 0 | 0 | 2 | 1 | 3 | 3 | 3 |
 ---------------------------------
 | 4 | 0 | 4 | 2 | 3 | 1 | 1 | 3 |
 ---------------------------------
 | 4 | 4 | 1 | 1 | 1 | 2 | 1 | 3 |
 ---------------------------------
 | 4 | 4 | 4 | 1 | 2 | 2 | 1 | 3 |
 ---------------------------------
 | 4 | 4 | 4 | 4 | 1 | 2 | 1 | 3 |
 ---------------------------------
 | 4 | 4 | 3 | 4 | 4 | 1 | 2 | 3 |
 ---------------------------------
 | 4 | 4 | 0 | 3 | 4 | 4 | 2 | 3 |
 ---------------------------------
 | 4 | 4 | 4 | 4 | 4 | 3 | 2 | 1 |
 ---------------------------------

Move 9 done:

 | 4 | 0 | 0 | 2 | 1 | 3 | 3 | 3 |
 ---------------------------------
 | 4 | 1 | 1 | 1 | 1 | 1 | 1 | 3 |
 ---------------------------------
 | 4 | 4 | 1 | 1 | 1 | 2 | 1 | 3 |
 ---------------------------------
 | 4 | 4 | 4 | 1 | 2 | 2 | 1 | 3 |
 ---------------------------------
 | 4 | 4 | 4 | 4 | 1 | 2 | 1 | 3 |
 ---------------------------------
 | 4 | 4 | 3 | 4 | 4 | 1 | 2 | 3 |
 ---------------------------------
 | 4 | 4 | 0 | 3 | 4 | 4 | 2 | 3 |
 ---------------------------------
 | 4 | 4 | 4 | 4 | 4 | 3 | 2 | 1 |
 ---------------------------------

Move 50 done:

 | 4 | 0 | 0 | 2 | 1 | 3 | 3 | 3 |
 ---------------------------------
 | 4 | 1 | 1 | 1 | 1 | 1 | 1 | 3 |
 ---------------------------------
 | 4 | 4 | 1 | 1 | 1 | 2 | 3 | 3 |
 ---------------------------------
 | 4 | 4 | 4 | 1 | 2 | 3 | 1 | 3 |
 ---------------------------------
 | 4 | 4 | 4 | 4 | 3 | 2 | 1 | 3 |
 ---------------------------------
 | 4 | 4 | 3 | 3 | 4 | 1 | 2 | 3 |
 ---------------------------------
 | 4 | 4 | 3 | 3 | 4 | 4 | 2 | 3 |
 ---------------------------------
 | 4 | 4 | 4 | 4 | 4 | 3 | 2 | 1 |
 ---------------------------------

Move 1 done:

 | 4 | 2 | 0 | 2 | 1 | 3 | 3 | 3 |
 ---------------------------------
 | 4 | 1 | 2 | 1 | 1 | 1 | 1 | 3 |
 ---------------------------------
 | 4 | 4 | 1 | 2 | 1 | 2 | 3 | 3 |
 ---------------------------------
 | 4 | 4 | 4 | 1 | 2 | 3 | 1 | 3 |
 ---------------------------------
 | 4 | 4 | 4 | 4 | 3 | 2 | 1 | 3 |
 ---------------------------------
 | 4 | 4 | 3 | 3 | 4 | 1 | 2 | 3 |
 ---------------------------------
 | 4 | 4 | 3 | 3 | 4 | 4 | 2 | 3 |
 ---------------------------------
 | 4 | 4 | 4 | 4 | 4 | 3 | 2 | 1 |
 ---------------------------------

Move 2 done:

 | 4 | 4 | 4 | 2 | 1 | 3 | 3 | 3 |
 ---------------------------------
 | 4 | 4 | 4 | 1 | 1 | 1 | 1 | 3 |
 ---------------------------------
 | 4 | 4 | 4 | 2 | 1 | 2 | 3 | 3 |
 ---------------------------------
 | 4 | 4 | 4 | 1 | 2 | 3 | 1 | 3 |
 ---------------------------------
 | 4 | 4 | 4 | 4 | 3 | 2 | 1 | 3 |
 ---------------------------------
 | 4 | 4 | 3 | 3 | 4 | 1 | 2 | 3 |
 ---------------------------------
 | 4 | 4 | 3 | 3 | 4 | 4 | 2 | 3 |
 ---------------------------------
 | 4 | 4 | 4 | 4 | 4 | 3 | 2 | 1 |
 ---------------------------------

